temp,cost,accept_prob,random_number,accepted,is_best,param
10000,14.093888749496,1.0,0.0,True,True,"[0.5442025005415063, 0.4417160392178628, 68.7630818140537, -74.42815842888525, 298.0777392426193, 0.12020902940085045, 0.7321365719234147, 154.86714449224684, 7.923602797026308, 87.32926218729222]"
10000,13.983340350211892,1.0,0.4128466905945831,True,True,"[0.6199496177690113, 0.5027789927785578, 71.43833573935154, -82.91967941458631, 301.8923718080734, 0.11707172591991465, 0.6371757614744368, 153.27862155659884, 15.104135597432812, 91.78196533508785]"
9900.0,14.022107138868458,0.9999960841704288,0.16463692200926294,True,False,"[0.5673493027992873, 0.48751113941277874, 73.0283715477472, -75.51660435642877, 298.92935484797647, 0.15170272397692736, 0.5942286278377256, 148.63895695590864, 24.26673718575066, 87.27555645803854]"
9801.0,13.977293733524604,1.0,0.7737522531493861,True,True,"[0.516641058384875, 0.5668390033818506, 77.27070781522846, -69.5866491642957, 301.7354650043242, 0.22615222739518195, 0.543684392192852, 153.5553688253748, 17.84922794683337, 91.76835674541273]"
9702.99,13.924866365578955,1.0,0.2678838574183561,True,True,"[0.6015988304939365, 0.5101715115040704, 76.93107782739854, -77.81446928570189, 304.31709239070324, 0.12691751492812356, 0.5814172731119441, 156.73876802960115, 9.498606190445773, 89.03643372509632]"
9605.9601,13.912627669192076,1.0,0.013951391368489108,True,True,"[0.6163482688145477, 0.4623030137591126, 81.25358078749868, -75.94334614870158, 307.8345882319578, 0.17196431545682467, 0.5087978728843697, 153.1927412029862, 14.679565751328566, 88.94292820201984]"
9509.900499,13.987450408196876,0.9999921321527323,0.1893041374406238,True,False,"[0.6407127896177636, 0.4656301661355474, 83.42286957097147, -72.17147156725781, 306.9429437075059, 0.24789320184902838, 0.49920952223706505, 149.50426519356142, 21.453137820331612, 93.82208262157533]"
9414.80149401,13.878451013370078,1.0,0.03924123554948589,True,True,"[0.7123047390321772, 0.38743745792676987, 83.00182561378763, -62.598373787478224, 309.1943490260137, 0.23233847817651693, 0.5941604465676347, 149.63007672281915, 29.8760381698985, 91.41008767316127]"
9320.6534790699,13.875609787032555,1.0,0.6086092383701736,True,True,"[0.7028998535911057, 0.3524062802022825, 83.90994148399689, -64.0061829781769, 308.5188213312253, 0.3182491706476672, 0.5091201688145737, 153.25996485062103, 28.869500731464818, 89.71783410950344]"
9227.446944279201,13.877275504830113,0.999999819482284,0.5021669158700519,True,False,"[0.7093475561701971, 0.3272825540583313, 85.93674805171162, -68.97478708353138, 310.9293460228797, 0.2614292441040782, 0.45560835365608005, 155.67765311464444, 22.936364807341135, 88.57023335547572]"
9135.172474836409,13.894202647453213,0.9999981470380568,0.8999017230928095,True,False,"[0.6872254364095206, 0.3358875694648486, 85.12138141036745, -72.47574256093027, 309.90657750984593, 0.21805304992578856, 0.47181539485552015, 159.1441186949619, 20.38759097180145, 90.84367635187557]"
9043.820750088045,13.916974233571537,0.9999974820866004,0.1562382104531025,True,False,"[0.6895183207723125, 0.4271053876039831, 81.48438606154434, -74.4781958646434, 310.88092665252134, 0.20581747245954246, 0.5293483425654064, 158.36640168230804, 21.38315927801903, 93.42759890317623]"
8953.382542587166,13.930668311199117,0.9999984705146809,0.14959879352137584,True,False,"[0.7206374625616252, 0.4536860842311711, 82.44426093107852, -79.81065214205789, 311.7616297736661, 0.18658438996247742, 0.5789737129097273, 161.44396264024786, 14.569832157762297, 89.6495064668418]"
8863.848717161294,13.919099869150696,1.0,0.21583060868511839,True,False,"[0.7860228455874723, 0.4558725133347826, 84.43954376951183, -74.66947396795636, 314.0358351477559, 0.23338865067901726, 0.642686374675153, 160.80673088948012, 21.546683593727273, 86.23446956223728]"
8775.210229989681,13.952019539527345,0.9999962485675253,0.6416254464730685,True,False,"[0.8584816988396059, 0.4494399110729749, 85.4217741553629, -67.10817475166968, 314.8324700026101, 0.24004264172240414, 0.6401133620817844, 156.91466300292606, 23.4288308681379, 85.39390337666882]"
8687.458127689784,13.912720145010763,1.0,0.37524252393987645,True,False,"[0.80610419429605, 0.4585983928733657, 83.499694494603, -68.07623546807208, 311.8404597178542, 0.162896133799505, 0.6599591437519404, 156.7277741596001, 14.138094802789162, 80.6989580152161]"
8600.583546412887,13.873451913482501,1.0,0.32994087248635007,True,True,"[0.717407448343133, 0.5320584447745107, 85.7844835817435, -65.2730555018718, 314.09618567334894, 0.1548916017736957, 0.6073444944479469, 160.0343154991788, 10.154966115434767, 83.78786604629447]"
8514.577710948757,13.918989814106617,0.9999946517865715,0.20059105590818171,True,False,"[0.7783880797692884, 0.49957744250190034, 85.57178513769115, -73.73442648559504, 309.24603874975446, 0.1376494039994115, 0.6084899108034677, 159.6039780150441, 3.6215493151764075, 88.69915728401013]"
8429.431933839269,13.902987310316266,1.0,0.28090075825520733,True,False,"[0.6815200888578088, 0.45935682895714286, 81.49493367102707, -66.53163203344555, 304.49615132399737, 0.1320055850533244, 0.6434291916446487, 164.55333126747843, 11.038898326049091, 88.73521456600028]"
8345.137614500876,13.940185440108959,0.9999955425484148,0.9428927999076593,True,False,"[0.7300240742036497, 0.4806250973522327, 80.1785171243746, -72.7762653402667, 305.48589613984086, 0.12640807513554903, 0.6254800620453259, 164.52626856722557, 11.902681040052117, 92.51587483808743]"
8261.686238355867,13.940277235352013,0.9999999888890427,0.4300399343679412,True,False,"[0.7888163300516843, 0.5793220390940079, 81.37535366066271, -67.72284385746259, 310.0259309591275, 0.11746348436642416, 0.7021197109491586, 169.23320893114123, 7.458846168021871, 88.24237595615773]"
8179.069375972309,13.992263472676104,0.9999936440113512,0.7863626224076696,True,False,"[0.8269770838256456, 0.6662911267358109, 80.91270078365775, -71.80396387412935, 312.0532878876477, 0.13286864867893633, 0.7964847536197339, 170.1092934466608, 17.23149779291177, 87.74369791062442]"
8097.278682212585,13.953286197446443,1.0,0.8971945479452905,True,False,"[0.7370580508358942, 0.6776327468559682, 80.5217198379611, -67.69162800701655, 311.6626227634398, 0.1630360165138282, 0.7387503505384043, 166.80579919587765, 18.12946340135329, 85.32338608946068]"
8016.305895390459,13.904592457648135,1.0,0.8241784339664578,True,False,"[0.6907082059378703, 0.6964408035610288, 79.42719554370024, -74.7634267974158, 308.9054659410725, 0.2621842414322916, 0.7613555163593767, 163.4463807915289, 10.643490517593541, 84.25392967902407]"
7936.142836436555,14.045274964134354,0.9999822733458221,0.5858291116494839,True,False,"[0.6115077708830672, 0.6414077505598221, 74.8696199275965, -83.12651242929033, 309.38780086727655, 0.297548115033267, 0.8270628994640107, 166.83352200426992, 9.722221141971927, 84.3399413609894]"
7856.781408072189,14.013078003266521,1.0,0.45903978028489356,True,False,"[0.5987932612688167, 0.6702052539992129, 78.51104409235735, -89.26194074086303, 313.24248755494216, 0.31391883426476697, 0.8221768827394167, 163.18597983387994, 17.26297533708702, 80.6584009189991]"
7778.213593991467,13.99642852028512,1.0,0.1024152760881405,True,False,"[0.5756012807696098, 0.6807238829412589, 80.22444721403127, -84.50711799099976, 311.0246429673888, 0.23662948786799604, 0.7312059675425182, 159.03014764220003, 23.919671204436924, 81.14016529802826]"
7700.431458051552,14.019413824491597,0.999997015067269,0.7709093540184455,True,False,"[0.5915891529099458, 0.6136194801825359, 79.3850629456244, -86.19283886856488, 310.8675341753513, 0.24707775951254596, 0.7955296267250522, 161.37663344178256, 15.319098517340022, 81.19622337149848]"
7623.427143471036,14.041725145333498,0.9999970733257139,0.29589745961701863,True,False,"[0.5931297005538083, 0.5367544146895038, 76.4304391934867, -88.61036953059238, 315.13212861546344, 0.2944866524541314, 0.7240028267537112, 157.72886572668588, 22.142360190990374, 80.48913578779789]"
7547.192872036326,13.95056958150607,1.0,0.22697864575469273,True,False,"[0.6797676816353607, 0.5242015026477416, 77.37349283561043, -81.89887643272236, 313.2543674871075, 0.3580569096391274, 0.7967730136009613, 159.31354224404618, 28.913229291756625, 78.12512667801198]"
7471.720943315962,13.943408751795738,1.0,0.6693352534300765,True,False,"[0.7346380656244254, 0.45265120488901056, 75.57314001772907, -74.46412702261502, 308.79985465067585, 0.43679831810980624, 0.7357936790668477, 161.17640479989623, 34.54259736162131, 74.4703998802195]"
7397.003733882802,14.02570105053495,0.9999888749764165,0.38143421042016257,True,False,"[0.8045213615322216, 0.3531911329651014, 71.33510682491847, -76.26091997350576, 312.05983195331237, 0.42997985120987825, 0.8310560521988646, 158.16196545090773, 29.055775012990058, 71.58299057108641]"
7323.033696543975,14.019581531284711,1.0,0.4360700605701002,True,False,"[0.7678481499358284, 0.390776922735851, 68.08386649139581, -77.01385409276718, 313.3247898067434, 0.5011404873663945, 0.7841985631496582, 154.96380175523493, 24.628010632023553, 68.3251947587507]"
7249.803359578535,13.974690763659488,1.0,0.5172295355595588,True,False,"[0.7012441631449687, 0.32931079422949827, 70.16872902833921, -74.11329068413592, 309.16641231996243, 0.49659300595271716, 0.7645577744838665, 150.55619612161453, 18.879648904940886, 69.79746604227459]"
7177.305325982749,13.951385412080862,1.0,0.4159724035883975,True,False,"[0.6616124362517105, 0.2363081780406363, 69.18423776278844, -68.5219400642369, 314.07188243866125, 0.4396902883261359, 0.8372704282307766, 146.70202354601778, 28.26099596188737, 69.27442794439672]"
7105.532272722921,13.88034338119143,1.0,0.35802498093258395,True,False,"[0.5745497487190648, 0.3051377847677179, 72.349159506383, -58.747357378901285, 314.6867045745949, 0.37861355910930206, 0.7526186121332735, 144.98824681661358, 21.050516342911152, 65.82181109141634]"
7034.476949995692,13.867208574436278,1.0,0.9623191470796261,True,True,"[0.491373740845972, 0.33365004834270207, 68.90294057947982, -62.20634627685088, 315.6539706871201, 0.3141053786932565, 0.7212130196340134, 144.15530402210794, 30.297099746062994, 61.84715546951056]"
6964.132180495735,13.851598281393319,1.0,0.23013359154040225,True,True,"[0.4651699396849445, 0.2862958791781901, 73.00827752947303, -61.061871787212965, 311.1609585325104, 0.2622784669561389, 0.6590501842538177, 148.0567833286992, 20.366186540687927, 61.71845492155141]"
6894.490858690778,13.817968247656285,1.0,0.6110573140549678,True,True,"[0.420940063912023, 0.275269588717564, 73.18144029961059, -54.32092958549724, 315.88310605820107, 0.2032063271525798, 0.726869216277273, 145.7466279232599, 17.32329079695763, 58.5943547653866]"
6825.5459501038695,13.810173490285885,1.0,0.6839611660506282,True,True,"[0.4046512933596236, 0.29093650520574776, 70.30877416253638, -45.8292697292561, 316.84607150286104, 0.18892165270286226, 0.8073449416542394, 144.5236000075408, 10.094557849814038, 57.56314838558511]"
6757.290490602831,13.829549406092129,0.9999971325950758,0.503033806749841,True,False,"[0.38751923170543334, 0.3269150140498115, 70.2145494855846, -42.52413370133878, 319.24296207888415, 0.2789319909420419, 0.7845231770612977, 141.21234296888596, 19.75059288816049, 60.163289925387176]"
6689.717585696802,13.899078697691895,0.9999896065970819,0.8669627603519161,True,False,"[0.32039083590953604, 0.39666036149786954, 73.86581009983419, -35.26184366718852, 318.28392800271894, 0.33658201985055963, 0.7271709491655738, 139.95649531414938, 27.752654823868333, 56.24371476815204]"
6622.820409839835,13.88762871409734,1.0,0.05186638950362643,True,False,"[0.28614268391114067, 0.33151099853912835, 77.11649298777708, -37.664203842439186, 313.39243898558277, 0.38267756418502624, 0.6509623825154273, 142.08912573458392, 27.923285026461468, 51.4913600244191]"
6556.592205741436,13.77139833314567,1.0,0.039952891935018275,True,True,"[0.22551811516495726, 0.3164018832323568, 78.35268379407748, -35.17719050385268, 313.43551290268874, 0.2986019827837493, 0.6666213662124699, 146.56862654575374, 27.87243475644965, 49.72984272956036]"
6491.026283684022,13.754919521010315,1.0,0.5166457531308274,True,True,"[0.23410584108409305, 0.26748819455631756, 77.02829667181251, -37.224166601831975, 312.69345257394394, 0.3362446596235196, 0.6635206930502412, 148.7711640551065, 29.726679628586915, 48.27260074123937]"
6426.116020847182,13.722647264477601,1.0,0.8031640001280191,True,True,"[0.27024421536067683, 0.35460240253434366, 80.00795047218463, -29.227330783148098, 312.81383346509654, 0.2592559001026053, 0.7357756398738076, 144.4952671734485, 25.408517379653155, 46.160618600169805]"
6361.85486063871,13.696923606363612,1.0,0.9255925412657167,True,True,"[0.25676104096429353, 0.2920707042624445, 75.96032248805417, -33.66967481875405, 313.63977467338356, 0.21700583870865253, 0.8101447884607814, 140.4554273956966, 34.07253895466575, 47.57180523378885]"
6298.236312032323,13.682328095769282,1.0,0.4603443588718449,True,True,"[0.27760246606269035, 0.20867585195630162, 78.54174263654541, -38.59685388299507, 314.8768728590065, 0.15740268690574435, 0.7305606303798609, 137.18430882595342, 38.61231078267528, 50.69509703111271]"
6235.253948912,13.673020930678256,1.0,0.33082922860891606,True,True,"[0.34881471899701033, 0.20484550662940418, 83.13282296552438, -40.33732679474991, 314.31553020975355, 0.1257285400040462, 0.6942058213069546, 138.36966306416784, 32.034127088879856, 48.16401725572098]"
6172.90140942288,13.701260794137262,0.9999954251984617,0.9914236560993072,True,False,"[0.3710417504281889, 0.22983443083606075, 84.5944540064642, -46.940978416054485, 314.7273818234412, 0.15319236040525192, 0.6897030238327613, 134.27571450977698, 30.290533908692698, 53.017946026862134]"
6111.172395328651,13.878093012981058,0.999971064527552,0.7466810712524339,True,False,"[0.43445331869103476, 0.29561529376890516, 83.59722064610185, -41.92431611168611, 318.2218428737546, 0.18254405170379065, 0.7477154169328819, 133.87900951788367, 31.33640872160016, 56.474072451833486]"
6050.060671375364,13.728056131391163,1.0,0.7585123965293733,True,False,"[0.5024877387634693, 0.25432454837047197, 81.69085531674804, -50.93362255060371, 323.0735259790552, 0.1550079688438573, 0.7204941227769558, 136.7558805861328, 30.583227736477898, 57.0743505495034]"
5989.56006466161,13.747295343015498,0.9999967878808265,0.999383783410548,True,False,"[0.5110631992693389, 0.19837307196121126, 85.46788698479273, -54.098981868258065, 321.0271022049912, 0.24057965309383214, 0.6453963774915812, 138.71142265593855, 29.160731938462305, 60.0917384227155]"
5929.664464014994,13.729213801104667,1.0,0.7923803605574817,True,False,"[0.5005712881465976, 0.1638835256163239, 85.72045508129112, -56.62414353880911, 324.61171360073126, 0.1962805588351329, 0.6037436522705061, 137.589353190686, 29.7886219932059, 58.65165606904203]"
5870.367819374845,13.715137242187083,1.0,0.29946038981593026,True,False,"[0.47614177049209516, 0.23734580732168412, 86.53075322519571, -63.983342666263326, 328.96791529900696, 0.20063875766011097, 0.6736807478662367, 134.3555172559254, 34.38085307377895, 55.96460017993442]"
5811.664141181096,13.8538027734017,0.9999761404180302,0.25313386828411555,True,False,"[0.3914094187689702, 0.3016309392983635, 90.8354361765673, -70.62942498604903, 327.2485706207771, 0.21618909150034432, 0.6729778751883736, 133.07315020113816, 42.121712651845925, 52.71168953278728]"
5753.547499769285,13.852439641703334,1.0,0.22902966695463856,True,False,"[0.3669507510799054, 0.35394034336920566, 93.95955364820594, -63.40374484736581, 324.59577583543853, 0.15223446484685133, 0.7357824370859407, 128.47440318155978, 34.1581072438438, 53.64409228187714]"
5696.012024771592,13.702935905334575,1.0,0.8133085178072001,True,False,"[0.42933599471127737, 0.3536945330767196, 90.0222610317642, -68.95850700968123, 328.24490990511686, 0.21464799498945344, 0.8221761834367057, 133.265715430991, 39.72241556063593, 56.547818225383615]"
5639.051904523876,13.903371982792118,0.9999644563450178,0.14035394345704388,True,False,"[0.38822077326841925, 0.39782136825574244, 85.2582221199932, -61.1445096197517, 330.6776073994788, 0.2623433570453392, 0.8208705552133673, 137.07879744352468, 29.72875157780192, 59.54403969610373]"
5582.661385478637,13.745563776662383,1.0,0.05529803585971471,True,False,"[0.4000602637619539, 0.31340836587636295, 84.85221099559041, -70.26267023784176, 332.04290265581176, 0.2381827125843564, 0.7619972273460318, 134.44552935092364, 34.83441244041202, 57.238878739425]"
5526.834771623851,13.730062373639946,1.0,0.2691687268674853,True,False,"[0.44369922066061396, 0.2934093586605519, 84.96934392923161, -76.79514468824561, 328.98481517205494, 0.22252389539009887, 0.8242738363539135, 133.32733903879156, 41.530118387968656, 59.277273126812716]"
5471.566423907613,13.678563629504342,1.0,0.6325883788405064,True,False,"[0.4322648858230262, 0.3143029898962104, 89.95211871296924, -73.78494102881409, 328.7685237959741, 0.15817408842180303, 0.8242259212077409, 136.73386762735308, 48.74712103563328, 59.68922974840366]"
5416.850759668537,13.709044280353222,0.9999943730099934,0.3205530101472146,True,False,"[0.3683817283361487, 0.36044770992468156, 93.18422633194459, -80.4095546416525, 332.9359533528457, 0.20746055216785123, 0.789451059622027, 140.15919260597647, 43.65125991798135, 57.00041717494091]"
5362.6822520718515,13.732888311883638,0.9999955537215518,0.17121062658676212,True,False,"[0.30642820253910485, 0.3684387101817557, 95.90606372224092, -71.4616430195584, 329.57679116620693, 0.18909183466309876, 0.831810267668776, 143.85228062376106, 38.5937863409122, 61.70913361268885]"
5309.055429551133,13.749935304829501,0.9999967890774915,0.6594788097338744,True,False,"[0.3976149913493232, 0.40537857350467377, 98.3995090349198, -63.47761035576538, 326.2521749605056, 0.2692670331916459, 0.7841824269505209, 140.56869835347777, 33.77005471657372, 64.04392655734543]"
5255.964875255621,13.877159973839662,0.9999757945244581,0.13048340781568402,True,False,"[0.3057834426449213, 0.4862153289815064, 102.61989173683352, -56.48590992127754, 326.5484816764909, 0.3523199860378027, 0.7546745272922376, 145.1632903839439, 38.04959158734695, 62.30522764307793]"
5203.405226503065,13.867489583120292,1.0,0.3936068811708172,True,False,"[0.28761544250906, 0.5745676286063012, 100.71736207764332, -58.93678783369046, 324.5162812189155, 0.3956789604177829, 0.8015255488892365, 148.89461349973502, 38.988844954141484, 59.12983170301813]"
5151.371174238035,13.844655546677783,1.0,0.1865659317686884,True,False,"[0.35439469277719576, 0.5455235775154206, 95.9447624912205, -66.42285679747498, 323.0230596370881, 0.48547876452094785, 0.7306068352897087, 150.45414735318715, 34.9463988661524, 60.90241810388034]"
5099.8574624956545,13.847248892040424,0.9999994914868263,0.40233338355383763,True,False,"[0.29632612810210723, 0.5232209146220692, 99.4872345862586, -75.9995975129011, 319.0377229803128, 0.5765903091926601, 0.7597380197006873, 146.505123855284, 44.687205441355275, 57.66850414876024]"
5048.858887870698,13.758259242435003,1.0,0.8230854045716854,True,False,"[0.2269485668646818, 0.5669491175492898, 99.62412378190508, -75.60701097749805, 321.4712335758546, 0.509462188510359, 0.7147755965509192, 149.41585300686702, 39.57580866000522, 59.17063226543101]"
4998.370298991991,13.922715154443136,0.9999670986348062,0.11934232901250963,True,False,"[0.19542690981329813, 0.5770415402518047, 97.35763452668304, -76.49611017039112, 321.62801436746366, 0.42795794371073326, 0.7434823472867351, 149.47458696781825, 48.90616344255216, 60.6189026591059]"
4948.386596002071,13.805507101332458,1.0,0.02189029529465958,True,False,"[0.14753157864428731, 0.6242314914072912, 100.04985643461977, -66.66679901368786, 318.56231518941155, 0.5208068968188199, 0.7818638316298255, 145.93441054471444, 41.76990641573977, 55.97386145761406]"
4898.90273004205,13.813743435837369,0.9999983187403312,0.5435571288645878,True,False,"[0.18313550022155697, 0.6419785526847503, 103.50300723779898, -69.96714102123774, 314.78605109838696, 0.46386545573462923, 0.759955003116153, 147.23876522109964, 47.6589559579306, 58.63182107608034]"
4849.91370274163,13.780877861441592,1.0,0.3471166104483496,True,False,"[0.14243318505006575, 0.5586676624743885, 99.61626408834272, -64.12208091162186, 316.7945135762054, 0.542869804038993, 0.7176040376161246, 144.5574975167307, 47.74430269753156, 62.52567595904182]"
4801.4145657142135,13.759189112209985,1.0,0.5091756190161182,True,False,"[0.18426692832773733, 0.6076657536002181, 98.14704287417985, -54.83262756097669, 319.51203360301696, 0.5466456076433543, 0.6505151589920151, 146.00303915847172, 46.04963457355559, 66.66504860203301]"
4753.400420057072,13.782121997554805,0.9999951754895446,0.45308229070467554,True,False,"[0.2618622372325531, 0.5341296755535437, 98.72435766077675, -56.86881301975799, 323.56006911536196, 0.5864029199871195, 0.7368219637606206, 145.37594679683153, 37.92285842746054, 69.47638844170748]"
4705.866415856501,13.795358583280805,0.9999971872199632,0.8195731175077616,True,False,"[0.1947191286049496, 0.4424474899402565, 93.87948181501642, -46.9392882143177, 320.9034546841076, 0.673764430756247, 0.6407799624269628, 150.1352377889958, 34.25584344611668, 69.97008619301882]"
4658.807751697936,13.792761390397828,1.0,0.8108955468460446,True,False,"[0.26576272417883606, 0.43451335839520455, 98.21582558532637, -40.298884042679646, 319.2386579099381, 0.6780236261740099, 0.736831249196008, 154.1426827377984, 27.094275457489488, 70.1026462801935]"
4612.219674180957,13.771354148872017,1.0,0.03525676656378529,True,False,"[0.2565142283776861, 0.5249164057977864, 101.49048037953007, -34.15323600522655, 324.04901457721905, 0.5917725489021866, 0.6734347370596705, 151.7499250215048, 22.2088025528292, 67.29756647044795]"
4566.097477439147,13.796657446792462,0.9999944584564968,0.9380189332792279,True,False,"[0.3020979804521712, 0.5722672242694915, 102.51386748290336, -25.044737943546743, 324.8254671685533, 0.6125674939801535, 0.580002574166566, 152.63552214659921, 18.922120014579992, 64.33931594053288]"
4520.436502664756,13.739267803375432,1.0,0.41102249896835974,True,False,"[0.3057247857182271, 0.5622782053298038, 99.13282933795405, -21.857036312429432, 324.1547969017617, 0.6424554074042168, 0.6513306274229822, 151.2665656333974, 25.407473456746917, 64.0806747686747]"
4475.232137638108,13.786308747445888,0.9999894886577072,0.6659454451875706,True,False,"[0.26824327635150563, 0.5773458026695875, 100.9532291390564, -18.08075981979219, 328.62526542705194, 0.5651839108069192, 0.646056578639705, 148.28191264716466, 34.93745444356787, 66.58156448165383]"
4430.479816261727,13.769073115126456,1.0,0.5030486830824397,True,False,"[0.34528926473340216, 0.6225720760393629, 96.89693511695128, -8.225309320409668, 332.60252504700276, 0.6413966554436874, 0.7104806372029439, 145.05475887857264, 32.82678792837492, 67.51426417533331]"
4386.17501809911,13.725018993336656,1.0,0.4577475411084181,True,False,"[0.2857788515932344, 0.7218214638162657, 99.38019067909482, -15.229446248098522, 331.3547219968141, 0.680333950008658, 0.6282348584553946, 140.90693868135057, 37.73814905019802, 69.21549487904488]"
4342.313267918119,13.813146765662621,0.9999797050851441,0.4539038421714391,True,False,"[0.3644116784786591, 0.8007491599842435, 102.45911794142052, -18.801318126896753, 328.78931918046254, 0.6292545116419274, 0.6008703793226831, 138.6739461145502, 40.687973827162764, 73.42484752674258]"
4298.890135238938,13.71716824718353,1.0,0.12732899509133355,True,False,"[0.313405901473615, 0.7075208109722249, 103.67138347911339, -18.51751228656203, 332.0580851035974, 0.6969820911040264, 0.6381602200781284, 140.26194021141424, 44.26776947695329, 75.95240495644029]"
4255.901233886548,13.718909234320634,0.9999995909240639,0.24066813152966804,True,False,"[0.38285494980495566, 0.6741991913821133, 99.52773973119487, -10.107831449998304, 336.21515310570385, 0.7902281493635095, 0.5820632611651493, 137.4208587815905, 48.58161958746448, 78.68959372674561]"
4213.342221547682,13.71908636869139,0.9999999579587041,0.5684993130292677,True,False,"[0.3366316606632153, 0.5828359884159857, 98.84519443445753, -4.630310270190723, 339.95015838907057, 0.8540332281269505, 0.6241513242734316, 132.98175724000754, 38.772899388280166, 76.2336781840498]"
4171.208799332206,13.76261845119384,0.9999895637314169,0.8037263302398014,True,False,"[0.31046460247542074, 0.646476609072626, 94.8018147339947, 3.5504060980300665, 339.2423598854906, 0.8374788757648812, 0.5476210638772966, 130.94354529662348, 38.52156912943676, 74.1335584014865]"
4129.496711338884,13.691363013314024,1.0,0.2988298011713918,True,False,"[0.31843981830586676, 0.6365907115956259, 96.94671687526595, -2.0399674439826345, 343.7277329017635, 0.8643140973086245, 0.5837428980504391, 132.42077748401272, 47.83349130537343, 72.80293870011027]"
4088.201744225495,13.707895074008121,0.9999959561615835,0.06278956780196976,True,False,"[0.33287921909589313, 0.6755033233294812, 98.33093086966038, 4.894394284155217, 345.01178044976535, 0.8533179166983684, 0.5717821074079814, 132.89181282270386, 54.234356968199194, 77.45496948620644]"
4047.31972678324,13.653874377958997,1.0,0.46438682617756666,True,True,"[0.3327840416615544, 0.5797315418021396, 98.39990769741432, 7.297461151710561, 345.654231743199, 0.7863654778722647, 0.650740557094595, 134.21958063013622, 57.52691759471449, 72.7361592600045]"
4006.846529515408,13.725847307479139,0.9999820376741192,0.9612915189759326,True,False,"[0.42754840501729635, 0.6321591825327858, 99.85490738214608, 16.423131740517142, 342.5840980726559, 0.7718888268224909, 0.6410728037358167, 135.32512412829317, 64.6307634683048, 73.82755126703964]"
3966.778064220254,13.764082908155105,0.9999903610900882,0.7275319908868007,True,False,"[0.44460256173320534, 0.6073889712272077, 96.87225590377099, 19.803145683957432, 346.39540038257354, 0.7232936767088501, 0.6452906870684919, 139.42003858551587, 60.05526039553658, 71.08310313716233]"
3927.110283578051,13.772186666147576,0.9999979364598786,0.6975123862806262,True,False,"[0.4688687417284534, 0.5331387287847501, 92.81252613389078, 26.573123422528067, 343.7629961944136, 0.6834894658275451, 0.6591794338212664, 136.634051173628, 59.116145135743494, 72.12120237648975]"
3887.8391807422704,13.805920548628789,0.9999913232686428,0.4226182085734933,True,False,"[0.4058222067330863, 0.5489038054801639, 88.92938184779516, 31.436757106698977, 341.2459117734066, 0.6263705271682714, 0.7206670826709097, 137.47025358735883, 62.75081197549044, 67.52991044503177]"
3848.9607889348476,13.831630798891787,0.9999933202321865,0.6509772099156724,True,False,"[0.4944819719397402, 0.4607299947504274, 92.962272996797, 39.73109459108694, 337.2213596700059, 0.649047726426954, 0.709944282605332, 142.4470766050346, 66.90864024670468, 71.86012585019971]"
3810.471181045499,13.83527562566361,0.9999990434713043,0.8543110425593855,True,False,"[0.4467938385803155, 0.4431896715583247, 89.93163947943589, 49.40162862541362, 335.04337057711587, 0.602970119504242, 0.7925231307826073, 137.88830228924138, 64.4518152430039, 75.1897877734712]"
3772.366469235044,13.868705619743483,0.9999911382294833,0.36224742902837326,True,False,"[0.43673421132971585, 0.5304389225492623, 88.59655184480995, 58.19314411564204, 333.851679773902, 0.5555867547939245, 0.8254326190143139, 140.87943384865983, 67.59622383267399, 79.74601143460714]"
3734.6428045426933,13.85250597039929,1.0,0.5184732462090818,True,False,"[0.40643008863858815, 0.5050143647822826, 93.28069125750837, 50.73326803332864, 335.9029733640619, 0.5484703832103038, 0.8168520039283371, 141.8340718931452, 66.05146629237179, 75.56092089358141]"
3697.2963764972665,13.873724365613626,0.9999942611215957,0.4440060580241919,True,False,"[0.35715250070402343, 0.48482595019082153, 89.67614358733326, 60.20744034263873, 335.7351218439413, 0.5442363824994216, 0.7881096822557067, 145.81485293197608, 61.98909893753141, 71.28405668932494]"
3660.323412732294,13.810106966668435,1.0,0.431062330152749,True,False,"[0.34153685936264955, 0.5520230387898873, 92.25492455530981, 67.74171219824304, 340.54858287897395, 0.46325974336361786, 0.7057085274868923, 143.75731410968547, 69.87701887467921, 70.47209952872703]"
3623.720178604971,13.853942973390996,0.9999879031107751,0.14450390352056508,True,False,"[0.24169838991530224, 0.5967881914723889, 92.80132176937497, 65.68284930511992, 345.0225079001268, 0.3782877599017834, 0.7721358835624641, 143.81229821961958, 66.90325887199053, 67.50913696699746]"
3587.482976818921,13.852125343647874,1.0,0.7623036439246479,True,False,"[0.2484008281509406, 0.5873048121224969, 92.25756315633362, 61.143600939791355, 345.29983575021345, 0.41550489914588534, 0.7872887949838713, 144.10840894779278, 70.64089221871859, 72.00886830927209]"
3551.608147050732,13.812358409972074,1.0,0.4681760628875631,True,False,"[0.2529151112414103, 0.6168211535549387, 95.38125425078213, 62.51138949030044, 344.3356060360796, 0.39961113154384664, 0.7236636016907477, 142.60944193452647, 69.8275297661628, 71.19638717323804]"
3516.0920655802247,13.827644313741743,0.9999956525966165,0.235968436356494,True,False,"[0.33551195296784275, 0.5362221093500026, 92.24428334900759, 66.51424141978025, 349.16382519177535, 0.48064144397872544, 0.6713345720247514, 143.26871806123708, 62.28002099412761, 70.15390818103576]"
3480.9311449244224,13.866598939288748,0.9999888091990453,0.2632378193973369,True,False,"[0.42923958698244624, 0.4784171586819535, 96.16464838782031, 74.15416435563255, 353.64618291615653, 0.5730307234346346, 0.7401652796229683, 148.11828751153584, 64.90747667412144, 74.38987795135488]"
3446.121833475178,13.792975692554998,1.0,0.3614502319346439,True,False,"[0.35100099489260117, 0.4754817542316214, 93.33297112612345, 79.9311388995969, 355.9151736617199, 0.5960896837813452, 0.7815191000959586, 143.46975673145056, 61.44637980195558, 77.13555771518227]"
3411.660615140426,13.877620093702543,0.9999751899849729,0.15901513794211708,True,False,"[0.42714481146392574, 0.42982552442234934, 89.56101871954186, 79.42384154134153, 360.59477423119984, 0.5823592722280623, 0.8023731421943283, 140.76542039783877, 71.12954667336508, 76.15794727054028]"
3377.544008989022,13.905394704859951,0.999991776717969,0.5873527632272828,True,False,"[0.5166537139180836, 0.46910600872643443, 89.78080545736039, 86.36823051123682, 361.2960500273697, 0.639415111292696, 0.8051761022008533, 138.7339350634173, 63.7755306873371, 76.9724312828244]"
3343.768568899132,13.900711541033496,1.0,0.9567764349976297,True,False,"[0.579277397362632, 0.5493124497763903, 89.2696426982312, 83.20387620010852, 357.64978766879386, 0.6690964810386177, 0.7450289719953951, 139.65470478250504, 53.84455734978924, 74.61205973378023]"
3310.3308832101407,13.917220827497541,0.9999950128111421,0.8113017983575687,True,False,"[0.544200390663821, 0.474425088307015, 84.57324016379657, 74.79339009222065, 355.3202234113757, 0.6175051709841509, 0.8064946475865377, 141.01533262955013, 52.96792736220415, 72.77885168281452]"
3277.227574378039,13.918453088560959,0.9999996239929013,0.6428655789066567,True,False,"[0.5052695064556261, 0.5063292787399306, 88.89756250898479, 80.80387545654413, 357.14070284307775, 0.6508382596534699, 0.7307285433543499, 142.09474512045034, 47.87318950819065, 72.20750266246021]"
3244.4552986342587,13.859290356465404,1.0,0.7597354360281647,True,False,"[0.5059453366966327, 0.5490370859198639, 86.39093328966914, 81.54723039507489, 359.7775678075671, 0.7131929576185403, 0.6572000084676501, 142.7137929058426, 42.047241603405666, 74.08698234362721]"
3212.010745647916,13.888195949407745,0.9999910008199947,0.7570649169788577,True,False,"[0.447159514006509, 0.5836551088402187, 85.32526075886673, 85.82519512838698, 356.65074300896833, 0.7245372463574375, 0.6414799819872766, 140.33426428938662, 48.46267163723114, 77.8334436551381]"
3179.8906381914367,13.959722795733121,0.9999775067604438,0.4213567392143307,True,False,"[0.3635908080593858, 0.6388424863945515, 82.39686193884228, 83.1658123577848, 353.0856849020866, 0.7032995160854575, 0.5519920233413398, 143.6670139926574, 38.77685739740626, 81.86739853047425]"
3148.091731809522,13.966649153908497,0.9999977998256894,0.6712521856299785,True,False,"[0.4264923893166859, 0.5614196504947595, 81.14784197411038, 83.49733964304116, 355.0394402308831, 0.6750068262549143, 0.5976080540682005, 141.06961426438752, 34.504431988766825, 81.28117217665056]"
3116.610814491427,13.893793610688595,1.0,0.10976313192563081,True,False,"[0.43401441301977417, 0.5862678014969436, 83.92220079953456, 85.65916515563237, 352.9636390582013, 0.7267500522411382, 0.5948335803042644, 143.51773321694526, 38.05200643640249, 81.1093729796659]"
3085.4447063465127,13.978893040990156,0.9999724194516996,0.8999876311275223,True,False,"[0.3401744755914265, 0.6752114052596574, 85.15094022940426, 88.839741645904, 351.6419722956061, 0.6910742352302092, 0.6489159552939281, 148.02044609935294, 32.64784128091193, 80.67242065865611]"
3054.5902592830475,14.012859767945535,0.9999888801655149,0.06726762035631173,True,False,"[0.2565502691733165, 0.6795796824294786, 84.78537404776084, 78.92583911655461, 352.45557245122563, 0.6961491737470801, 0.6995098095556718, 152.9960293658904, 36.39540414704982, 83.59381551973115]"
3024.0443566902172,13.855515921964074,1.0,0.4249008018799304,True,False,"[0.28605286825658827, 0.6573031935617532, 85.92724524436473, 72.78339450496976, 354.53030486416543, 0.6423062516143182, 0.7608445389492393, 150.79206746816277, 41.21585873279069, 82.41645014628695]"
2993.803913123315,13.850994121055027,1.0,0.8350887036016299,True,False,"[0.31486574248952537, 0.6166638781954213, 82.5211092981561, 79.9085962762338, 353.3865883896398, 0.6680111181668272, 0.6950567894227272, 155.68492341814743, 42.299470137328, 78.01504694900777]"
2963.8658739920816,13.95590056194261,0.9999646054886487,0.9898867248583506,True,False,"[0.33690156171407026, 0.5596714269844654, 77.56927033759683, 74.656508714111, 353.77611097419646, 0.6113961047564495, 0.7760924011953456, 160.11800658416016, 42.76481272643658, 79.46652361778533]"
2934.227215252161,13.980965464233378,0.9999914577865322,0.16877488273209795,True,False,"[0.41075695395628553, 0.5414669240131353, 81.42771977786394, 70.14112667882355, 352.9239135031763, 0.616510886677354, 0.7142466383848957, 156.8678860296952, 41.874862536950374, 81.91049430378703]"
2904.8849430996393,13.958363043221597,1.0,0.5583861512908617,True,False,"[0.3713559292002903, 0.5062944750766138, 84.39865106785346, 65.82641849063785, 352.65084301940874, 0.6171712005727996, 0.7546914614802059, 157.01760664891123, 46.229507551409085, 83.90219318862447]"
2875.8360936686427,13.840045824990195,1.0,0.06889038382337398,True,False,"[0.3330940052535683, 0.4407696682947176, 86.42443885592802, 64.70189251049862, 353.2108193305597, 0.6633658479196414, 0.7130618529473922, 161.2464038279082, 50.43824123335474, 80.38719561437159]"
2847.077732731956,13.813145076401202,1.0,0.49139100294784166,True,False,"[0.3828703783533049, 0.38064719265152375, 87.15018162786363, 55.71921036495309, 357.4139313419513, 0.6920547424447094, 0.6752890163652552, 163.8301887622356, 56.3499995044029, 80.14156989179071]"
2818.6069554046367,13.835017727510639,0.9999922399374624,0.4085267332311908,True,False,"[0.44107435681107404, 0.4224914900467927, 88.86948901705175, 65.25900221233461, 354.79386074165546, 0.7164066001742933, 0.7073876224834161, 162.90983039227382, 48.042180631310586, 82.27193286191805]"
2790.4208858505904,13.827295139489195,1.0,0.3757807403309741,True,False,"[0.3698142000671316, 0.4524714665265683, 91.55203343094898, 63.826409182842355, 350.1889263825532, 0.7401572002357408, 0.7076575103035333, 160.51298672787811, 46.15688730772442, 84.70642365628176]"
2762.5166769920843,13.800840158736573,1.0,0.25131396621718294,True,False,"[0.3144107974623241, 0.4247860717734642, 94.61549411457443, 72.79181479586158, 350.43846413498244, 0.7758926523997585, 0.640675213965761, 156.06779392247924, 52.2319321555696, 81.42313674217645]"
2734.8915102221636,13.839772937023536,0.9999857645171564,0.9024988103278857,True,False,"[0.29745828174044786, 0.41125699433993723, 94.27481689449276, 77.79505365819139, 347.72458359618366, 0.7153987373275171, 0.7255269693022495, 158.08383295542959, 47.85015818533198, 83.62643111898947]"
2707.542595119942,13.80952271988713,1.0,0.43779499032636726,True,False,"[0.2827833908921616, 0.4024842102838866, 95.33555271342549, 68.32331220350251, 346.5644174832301, 0.8102390678575613, 0.7487584503162491, 156.1575471652969, 45.278719628557596, 80.38719435795734]"
2680.467169168742,13.803882000233202,1.0,0.5524982988945427,True,False,"[0.21014190657657222, 0.47377703743190336, 97.87159099790874, 64.82415941022555, 347.23303114036713, 0.7981391104742699, 0.7931049828137697, 154.23804692070806, 43.450639999743274, 78.57956719293333]"
2653.662497477055,13.801392984595577,1.0,0.9655800169973265,True,False,"[0.20326707629531326, 0.3958573657443467, 97.72755794289917, 63.318487160586315, 350.8392017058024, 0.8209689989314438, 0.8536173616232207, 155.72895573737685, 36.94589636817105, 77.2867127496494]"
2627.1258725022844,13.800530027804932,1.0,0.4058290294545507,True,False,"[0.24098947998378012, 0.47660565767854346, 98.35283315000677, 70.18393243981822, 354.8332919335818, 0.8177938211644951, 0.8394347291616896, 150.98613910622467, 43.62159539395486, 78.36448556876555]"
2600.8546137772614,13.801687701980693,0.9999995548871082,0.04140619866333628,True,False,"[0.24850039240848962, 0.4108784711429955, 97.31632450051838, 73.92635360615779, 353.6506910247256, 0.8695900642092017, 0.7913874217821665, 149.89023841697679, 33.76423857681775, 77.22663462652066]"
2574.846067639489,13.828063817891039,0.9999897562882897,0.6536187584253252,True,False,"[0.16110829011209615, 0.4251109896493678, 98.56650046536201, 76.9586890812144, 349.76929291908675, 0.7726110167364155, 0.723741361241339, 151.78305721031526, 37.39755666299118, 73.01010939463073]"
2549.0976069630938,13.849954345587488,0.9999914124772453,0.5679720462388166,True,False,"[0.15868431182268633, 0.45839228593890347, 94.73616586117313, 67.69906666851355, 344.7832070508593, 0.6989125367366028, 0.7054688300440919, 154.98518445607849, 30.035169689084263, 71.68824497092277]"
2523.606630893463,13.866845281019339,0.999993306849531,0.49602700829717805,True,False,"[0.1390994896350659, 0.449821864908431, 99.08940888060555, 76.95877603743322, 349.14660797051516, 0.7486959625292529, 0.6291625025371702, 158.3756592969738, 34.09804707702531, 75.14995900636194]"
2498.370564584528,13.844458727293807,1.0,0.23598833762341354,True,False,"[0.1709260595849777, 0.5438746264309874, 96.08798163403912, 70.3888450351165, 349.70500676481504, 0.8069528997096723, 0.7004623822567069, 161.27032939601446, 40.95815335902982, 77.20360156458169]"
2473.3868589386825,13.884958621933086,0.9999836258679403,0.9866030286534209,True,False,"[0.1396978884397736, 0.4742946522503217, 96.12499022145981, 67.63704300950535, 353.2445244042188, 0.8318555632420571, 0.7211047437753149, 158.2317495481527, 47.73643500138017, 81.53929355965263]"
2448.6529903492956,13.845554037835548,1.0,0.7606036453093885,True,False,"[0.1809778608802973, 0.4676732205656391, 94.33323639073586, 73.69568081318066, 354.3423601769457, 0.8422547501466258, 0.7564382291645622, 157.5216746804942, 52.18640717466489, 78.47373309485998]"
2424.1664604458024,13.79296744819857,1.0,0.04454050679378185,True,False,"[0.23290875938788855, 0.44962019832459676, 93.97678429505893, 81.69825142996731, 350.794018830716, 0.7480124742660482, 0.775271618241106, 156.50554177688375, 58.85218706366178, 73.65606863658248]"
2399.9247958413443,13.769591814060616,1.0,0.9057772085262649,True,False,"[0.2840220238145008, 0.4674694762955981, 98.71531152853659, 87.16772619548689, 350.197621752248, 0.7485089421675323, 0.7329722196392482, 156.28586965605814, 54.74552004073742, 70.16318212071758]"
2375.925547882931,13.816424101351753,0.9999802890179887,0.754204223413848,True,False,"[0.2545699337980376, 0.4150582058433139, 97.68829451861188, 90.33167762629888, 347.1224412648201, 0.8354482719250579, 0.6624288791599935, 155.7699565572326, 49.374798381297936, 66.38332270123696]"
2352.1662924041016,13.817694272871348,0.9999994599994139,0.9531024924723519,True,False,"[0.2939679688723736, 0.33739313314049124, 97.47113676437029, 85.25075361912491, 343.04332433408985, 0.7689403624011402, 0.5764947978000068, 152.9103474096278, 53.57856071936425, 70.01905085499236]"
2328.6446294800608,13.792561920486172,1.0,0.9129475770781039,True,False,"[0.3285936185025333, 0.33384084308197914, 93.23716800223464, 93.01295956480803, 347.0974554494018, 0.8015364487509661, 0.5340527605936679, 153.0094549134551, 45.11742154613347, 67.66399153195673]"
2305.3581831852603,13.906418823895105,0.999950613274455,0.30261932669289704,True,False,"[0.33933993658331896, 0.37167671592211843, 89.03077392054924, 91.50301329722565, 345.4819449604695, 0.7535223834876013, 0.47389445580555656, 149.38362860754907, 36.432841587647914, 67.63282591498668]"
2282.3046013534076,13.889388107703134,1.0,0.8998137465287694,True,False,"[0.25973129112388976, 0.32837232975292063, 92.8943373543358, 94.72933267220685, 342.9233790914081, 0.766811331822337, 0.4672764400125569, 153.48035287718557, 43.92411786316284, 67.43169965934634]"
2259.4815553398735,13.803987633656853,1.0,0.42025955650946056,True,False,"[0.2776461193269881, 0.25979240168286666, 89.86251995317141, 100.21154413914313, 339.36745349208707, 0.7068289251033408, 0.5524557603846032, 149.7672905511975, 46.973603605237074, 63.18835036162305]"
2236.8867397864747,13.7719730976663,1.0,0.8087333822149574,True,False,"[0.3146762406244191, 0.29451119122840835, 92.52639264905893, 105.92261294415442, 342.7286937146838, 0.7293653262616072, 0.5916679956689832, 147.56437899426916, 49.361452203525005, 59.206568242648935]"
2214.5178723886097,13.908475235368739,0.9999383622356279,0.41426191404605994,True,False,"[0.3863074336223881, 0.34079542486481784, 91.9668363126847, 107.77799827580453, 343.8393851319794, 0.6435878488461223, 0.5725967077562009, 145.00370121689699, 41.26883249616405, 59.82877900895565]"
2192.3726936647236,13.87772696792535,1.0,0.13715927571256903,True,False,"[0.4276269699293746, 0.31299893891824226, 96.59107485821959, 102.16718257052432, 343.36443610874187, 0.6182996575536455, 0.5358161860804144, 145.7945671994133, 34.979288867497154, 62.038787837983854]"
2170.4489667280764,13.871310497584144,1.0,0.5356153695217964,True,False,"[0.48993068358534275, 0.3749685260021833, 93.69331954760436, 107.8438545208824, 346.68236929923063, 0.6600446931161781, 0.5543038735129022, 146.71638244318984, 37.3687996336581, 65.36962886738348]"
2148.7444770607954,13.84787744549371,1.0,0.8818077375052046,True,False,"[0.40841293894744124, 0.39956848032941816, 97.3179144838581, 102.32498243498564, 342.59553591698335, 0.6486484279612976, 0.5209377818197717, 146.7065146047732, 35.785535250763644, 62.431178848838556]"
2127.2570322901875,13.88792606543388,0.999981173763984,0.33116680126349207,True,False,"[0.3452453281756963, 0.46051011923616525, 101.347709251734, 99.83219707550307, 342.5430796823926, 0.706368229642642, 0.5307905890614093, 145.83641763312482, 43.29795457917672, 59.555732768337464]"
2105.9844619672854,13.710668657428425,1.0,0.9782678841126404,True,False,"[0.30337061735561566, 0.3839990122062297, 105.4864519801782, 91.07945000501981, 343.95724574518124, 0.7416855435454139, 0.48096028121692264, 140.8828825624399, 38.16919647990594, 60.11767307150855]"
2084.9246173476126,13.846124783600843,0.9999350327945218,0.08378907104108979,True,False,"[0.34249234905045883, 0.46981039952523873, 105.65158351081351, 83.4137458370033, 339.7017511219699, 0.7228716933578443, 0.4259595251140612, 137.74688305691296, 29.925196016432203, 56.370709275449926]"
2064.0753711741363,13.86671200810716,0.9999900259834863,0.5837441806048035,True,False,"[0.4018163816051552, 0.3809013057225388, 102.28900936028239, 79.59584135373841, 339.7976639428398, 0.697597100323455, 0.4064073106723498, 140.8144562054831, 31.088427154574276, 61.26207410912696]"
2043.434617462395,13.859309694093838,1.0,0.03802801087633512,True,False,"[0.3299014034889858, 0.3858151852770029, 98.30138586633355, 87.01102933535152, 341.3494800703211, 0.6634701954898999, 0.3949380521349114, 143.6914044918842, 31.045890950382848, 59.794476678744985]"
2023.000271287771,13.707208654462729,1.0,0.6820688650653933,True,False,"[0.32942945145638275, 0.3042664743402644, 96.1575695112252, 85.0591635947425, 345.81627736149517, 0.7620861988513931, 0.296398513822489, 146.18685792994418, 38.85745246275822, 55.38918262729682]"
2002.7702685748934,13.733202538164587,0.9999870211199838,0.6691386947232956,True,False,"[0.2393675404586845, 0.3465385444736593, 96.21896686416191, 91.13545218668459, 344.11843672677816, 0.843293819841011, 0.3359452669570785, 149.72744049640588, 43.14525801976664, 56.02877030733265]"
1982.7425658891445,13.75348334360844,0.9999897713893521,0.7569237353520287,True,False,"[0.2567342672733688, 0.3299719240874159, 99.15143032915657, 93.29301319455952, 339.8622409429272, 0.7991813103275456, 0.33696349640641976, 151.8443372864948, 39.05448558741348, 60.500184984549485]"
1962.915140230253,13.76047275678929,0.9999964392751404,0.8007000582289809,True,False,"[0.2641919897975329, 0.3851359694521382, 97.90814963412149, 89.79282902363195, 340.58656701217296, 0.7597893820476874, 0.2911696410893244, 152.02749773535137, 42.91620650411421, 64.5766182924586]"
1943.2859888279504,13.79755971463559,0.9999809155192979,0.72507529353068,True,False,"[0.22898345115726476, 0.3246877213022067, 97.7948934076267, 85.37487659531581, 342.09977050272965, 0.8149428391444581, 0.24617794261676032, 153.8035791214226, 35.4087892480742, 69.16339741428641]"
1923.8531289396708,13.807680305941567,0.9999947394296718,0.738372267414335,True,False,"[0.16440214872245382, 0.34411509190223716, 100.58989254314262, 78.50175567224252, 341.7850201246408, 0.7690675499124401, 0.25468935365521644, 151.47270801602312, 37.85409524218639, 74.05245438764314]"
1904.6145976502742,13.762063106947348,1.0,0.4865551719670771,True,False,"[0.2148878040332643, 0.3307828973526631, 100.42470450434689, 73.84347809520574, 339.89659382116616, 0.7933327971105741, 0.2534988057429523, 151.9460320177801, 46.39978834461421, 72.08122106395027]"
1885.5684516737715,13.783759102255495,0.9999884937242832,0.7127515239130838,True,False,"[0.179428572592835, 0.23799644151461938, 97.43458579831693, 70.82761414894614, 337.09460821675964, 0.8295155705260984, 0.3475339374303945, 148.25500767634583, 46.75572239514457, 77.01724917155612]"
1866.7127671570338,13.804629685692628,0.9999888196689206,0.8374039774678358,True,False,"[0.2303740009669467, 0.14878989642116125, 100.10496641871278, 76.73932859941057, 338.84907376310775, 0.8517866258021918, 0.40434316590175734, 147.618737503984, 54.28161459125773, 80.28814582531122]"
1848.0456394854634,13.754091804324865,1.0,0.43855649669492536,True,False,"[0.21455574282063014, 0.18600375789040657, 103.32909462510099, 70.55064713527449, 336.7993247536767, 0.8646657868490404, 0.4440436113214889, 143.8886944909142, 46.582290560457416, 76.93166329382503]"
1829.5651830906088,13.742794700313961,1.0,0.7949126664435703,True,False,"[0.2877239390853768, 0.15066097897138292, 106.77988475293763, 65.74196569041216, 334.4942883630279, 0.7682249042902942, 0.5328067353248324, 143.1252154546522, 44.060389470828795, 77.4112712313478]"
1811.2695312597027,13.731390437034035,1.0,0.5418565253167825,True,False,"[0.3773359940420017, 0.1373089798282154, 109.44498675310643, 59.082326139775574, 333.58411904528117, 0.8161686728866948, 0.4492565012220862, 143.1357225611586, 47.59075655894794, 75.69001464880874]"
1793.1568359471057,13.758041856483832,0.9999851372613603,0.5768759221793388,True,False,"[0.33514994934664427, 0.18204578439736827, 105.83177994195367, 62.0193887703071, 335.8788086237145, 0.8177910487633792, 0.46711586868366106, 138.43913782550405, 39.27580713673163, 76.6409193547837]"
1775.2252675876346,13.720364681758454,1.0,0.41425147346457347,True,False,"[0.24581782886920847, 0.20655847129474514, 104.98429396669798, 66.59507610994402, 338.4876210429144, 0.8416206117338813, 0.37072960448416226, 135.4319209917696, 45.60927139397493, 74.33552273238836]"
1757.4730149117581,13.74165392410155,0.999987886520465,0.4182988973477808,True,False,"[0.14868987087313063, 0.24071562306824887, 102.25738747006032, 73.12185924651135, 335.56672094621274, 0.8540235764884542, 0.47025456505547203, 132.4167953875481, 55.457278848575555, 76.26417173225354]"
1739.8982847626405,13.775539665037229,0.9999805244874024,0.8132870829168316,True,False,"[0.14222117322672134, 0.19957530305277296, 99.36330041717669, 71.00512215763356, 332.5843629773159, 0.7976352930826653, 0.4049107393566389, 129.1317400294012, 45.816333291144126, 79.31163378150694]"
1722.499301915014,13.735578267370897,1.0,0.3812246332026006,True,False,"[0.2417602764498168, 0.11911947776478941, 100.74795121555643, 67.40825046823637, 332.0045302222859, 0.8535600417478039, 0.4839888707343253, 128.37233058659405, 38.95765468326566, 75.45598196976971]"
1705.274308895864,13.700921388038001,1.0,0.22130728159902424,True,False,"[0.22828465173932155, 0.1419157059972066, 102.51018569312379, 69.25080983021806, 328.23615492947647, 0.8049592125529259, 0.4928390020704038, 125.87989496185455, 45.827154100540724, 73.96135589068486]"
1688.2215658069053,13.724955329976893,0.9999857638527134,0.26675191070032045,True,False,"[0.19069622031636188, 0.18409176218825668, 102.12380084953563, 59.2928398251381, 333.19082475820244, 0.8729917779819298, 0.4312233829275629, 127.78883981068302, 45.380951831933416, 70.65760595113498]"
1671.3393501488363,13.683814676853276,1.0,0.5487646455423847,True,False,"[0.157219575828074, 0.16927847930740647, 99.75982978138613, 66.09600784667214, 330.1371907029806, 0.7768179147112009, 0.4137996472510797, 124.32706328726309, 52.83271044457212, 72.45619230784277]"
1654.625956647348,13.639378954914081,1.0,0.9110449980016074,True,True,"[0.16469232613530796, 0.21093016089586902, 95.24402850859907, 74.43009002959715, 330.18086669693446, 0.8202738813758558, 0.32428048475351534, 120.22102667626888, 60.55376361086902, 70.99964804524033]"
1638.0796970808744,13.708362064840479,0.9999578887049543,0.6756983296871418,True,False,"[0.21094404395757854, 0.1826752033384227, 90.84990585824913, 79.78067278723086, 331.7493740688429, 0.7387424095459083, 0.42065739636707383, 122.68197094106165, 59.634446233390946, 70.63183189253044]"
1621.6989001100658,13.674765994270953,1.0,0.2917621235615677,True,False,"[0.21558938001613462, 0.12271012917223506, 86.91808469055042, 75.33491376502546, 327.5732886034497, 0.7660990142430328, 0.37872562299983836, 127.54393132478124, 59.45007551288653, 72.49979823876095]"
1605.481911108965,13.674794105401858,0.9999999824905341,0.11034080762920717,True,False,"[0.2082103641230363, 0.10169284820807943, 86.4398821196471, 73.99384776870292, 322.7722278512146, 0.7583211717827811, 0.4737219325448039, 128.7465334047793, 59.004790645505025, 72.124969539939]"
1589.4270919978753,13.728422820295261,0.9999662596602054,0.8372445401429209,True,False,"[0.2185758054229402, 0.1591219082858436, 89.0230834140538, 81.70861684578456, 322.9802296774822, 0.83080103956586, 0.3841302533943198, 131.0125955968488, 54.28740449198312, 72.65364494682822]"
1573.5328210778966,13.768409107297948,0.9999745885319901,0.5667369006184875,True,False,"[0.30177891205137364, 0.10966222683873332, 93.79640261034626, 72.89914809380545, 324.41630393949043, 0.7525468370604533, 0.4495444559383205, 126.98455555378162, 53.592540775335024, 74.63713680109343]"
1557.7974928671176,13.716551409754546,1.0,0.3474307833283997,True,False,"[0.378866750683027, 0.09814792217286906, 91.18337956859402, 68.63129209449714, 325.17955927296543, 0.6757175886168678, 0.4638648567435233, 124.19914867699534, 43.616114146222586, 73.91193430106236]"
1542.2195179384464,13.733042337602807,0.9999893070736765,0.05856865125894162,True,False,"[0.4578118265005675, 0.10901660141775217, 93.1266500791646, 62.120845640132934, 320.3599576584823, 0.7050636559845322, 0.42557091434926786, 127.60541262297329, 43.25874923395812, 70.35855546141016]"
1526.797322759062,13.729121200291186,1.0,0.2803811742626535,True,False,"[0.4723398022109756, 0.10805919426409495, 96.9912625818182, 69.11197549881715, 319.72997503757, 0.6944001783414602, 0.33529255327476454, 125.52166344829632, 44.372657543789565, 67.31370441903749]"
1511.5293495314713,13.854691509525868,0.9999169284449945,0.5128746831743118,True,False,"[0.566772198106789, 0.14440254212612086, 92.62968815736738, 63.62327955269113, 315.93738159826614, 0.7060510124354841, 0.3809917757582669, 130.00573329506722, 43.367060023727404, 63.05944261571061]"
1496.4140560361566,13.789070006471928,1.0,0.4390125485757935,True,False,"[0.5976822495256993, 0.19301984718417553, 89.08487170718564, 60.737358956121376, 315.8904027422307, 0.7042549589895594, 0.4347194338116151, 134.26890841656268, 48.74169101333538, 60.249167721142356]"
1481.449915475795,13.652760920779755,1.0,0.6575297544185185,True,False,"[0.6266572236913444, 0.13763644539515535, 90.9818369501366, 54.52170719961522, 313.76572517002563, 0.7933637754496905, 0.48637913952366657, 133.4399432594229, 53.51259831351399, 59.12210874481072]"
1466.6354163210372,13.784231222331616,0.9999103632656646,0.3826703987668518,True,False,"[0.6388790455629051, 0.19192068240812457, 94.14114444244109, 45.95975765009787, 312.482193781565, 0.7258065073416534, 0.531886683771247, 133.1078425316366, 53.74240374831323, 62.92445434375921]"
1451.9690621578268,13.772943873890423,1.0,0.9797928491651181,True,False,"[0.7022579584710795, 0.1963328807439953, 93.96236638867771, 44.10905812447645, 315.6467685961532, 0.8021950236176559, 0.48930282991994517, 132.5200081976936, 59.36728079348126, 64.30398900991833]"
1437.4493715362485,13.680004015744263,1.0,0.675694716881132,True,False,"[0.7215159196865494, 0.1473641399953889, 93.32181049526265, 51.810133024406795, 315.8512597921971, 0.831792740904774, 0.5770083518418658, 133.83605080403464, 63.006064113541484, 66.97742961485218]"
1423.074877820886,13.84952303595811,0.9998808854498351,0.12318143163893758,True,False,"[0.7526997165563072, 0.15074242272092958, 88.75703722393922, 58.50473605403919, 318.94278191089256, 0.8206492607584599, 0.5116737461195253, 128.84010018622928, 57.4707112992398, 71.95604171500648]"
1408.8441290426772,13.86349339628648,0.9999900838632363,0.04483414349958037,True,False,"[0.6581343047323933, 0.23850543807829272, 86.80165352152915, 61.21714121259174, 315.85581280173864, 0.7977202222104084, 0.5307761530785025, 131.5621937546432, 64.49735029591196, 72.68096765123272]"
1394.7556877522504,13.871112465071342,0.9999945373601687,0.7888630326047315,True,False,"[0.6744434120813534, 0.28456167228978413, 84.91668497089093, 55.549144648605065, 313.6739297865838, 0.8167470248325815, 0.45712145285413286, 135.68287811304177, 56.043761661600634, 68.96928225741442]"
1380.8081308747278,13.795156506255474,1.0,0.7429193082847104,True,False,"[0.7257802022350314, 0.2050714937679945, 85.03185132463976, 50.31028547957517, 317.21825607045656, 0.7179923630420939, 0.5569763891709035, 135.51984548312947, 46.05475520412429, 67.6466708875332]"
1367.0000495659806,13.939592460759277,0.9998943465113012,0.6800322192028915,True,False,"[0.7999516928360797, 0.2696405935150796, 82.84189722884584, 51.02791364895995, 319.3502681958311, 0.776267146261964, 0.5413671639897757, 137.37458228195212, 40.84784054482497, 70.61605396626813]"
1353.3300490703207,13.855939561050596,1.0,0.8700613061841049,True,False,"[0.7660008906223714, 0.23632973047401276, 81.04193291641896, 55.40503306734861, 317.8869569387269, 0.7184976698705252, 0.6130865245233204, 134.44692874465989, 32.260294099030745, 71.98959130894887]"
1339.7967485796175,13.818983920179136,1.0,0.2435813631795436,True,False,"[0.738688705178862, 0.22121095594176354, 80.44854721172446, 47.780739087822596, 321.0559711417728, 0.7258170727860858, 0.6487716231603722, 133.73016953446304, 35.21314005804644, 69.287845371691]"
1326.3987810938213,13.838465132962801,0.9999853128108991,0.7607629572169192,True,False,"[0.7857716117856979, 0.25329544521885644, 77.54686736918396, 42.88336955579382, 321.7848285309274, 0.6484136247042945, 0.6173008676076074, 135.6891318006125, 31.161751897087022, 71.12188947114109]"
1313.134793282883,13.80674276966105,1.0,0.5044511787865588,True,False,"[0.696694313363485, 0.1633852376584467, 81.44512480463834, 40.52942627653202, 325.40141113745597, 0.6743850230490722, 0.5185956297141977, 132.3626920223924, 31.747845440745422, 74.57643779325451]"
1300.003445350054,13.904952738148953,0.9999244569241328,0.8338437409206688,True,False,"[0.632957855875187, 0.16702666240709502, 81.33923554789945, 37.62943380177319, 329.9132751468315, 0.6512941238827316, 0.42988030191124255, 134.94837580501962, 33.517629975571445, 71.95857638784173]"
1287.0034108965535,13.90332217851107,1.0,0.6906500776029842,True,False,"[0.5594690814777099, 0.18569931583027946, 86.16552031586549, 29.98241337680229, 326.7582316195596, 0.6451251240405457, 0.36974150938367467, 137.39022206628732, 26.64216942456177, 74.37355310781899]"
1274.133376787588,13.762559525527337,1.0,0.9030942861461126,True,False,"[0.48286943742354516, 0.1378138468495408, 88.05170475939124, 21.00475251536452, 327.57936358316925, 0.7366889660725598, 0.36788623573858575, 139.24469754267082, 19.48596512785226, 70.60797793000063]"
1261.3920430197122,13.901435514877198,0.999889908656507,0.09626921025286794,True,False,"[0.43180412399254864, 0.23436891314357905, 88.81540474049997, 29.569850955015117, 328.24248999827773, 0.6799205609878275, 0.289665815765868, 142.34547099242613, 25.676728101204503, 66.01699897850084]"
1248.778122589515,13.871174091614014,1.0,0.5362896693432062,True,False,"[0.415131491888543, 0.1852911106955754, 87.11091979608634, 30.33247031551667, 332.58438041607224, 0.6424508366042684, 0.2871008477482416, 143.29613178104654, 34.81968351016347, 66.61012553347311]"
1236.29034136362,13.823235625589112,1.0,0.8938304674980508,True,False,"[0.34157869637409227, 0.26742373487291327, 92.0145714316049, 39.688952953532635, 332.03279556624955, 0.6609943716659852, 0.2502405351786102, 144.87797502948743, 44.17559865610877, 69.97024984362855]"
1223.9274379499839,13.865946361052535,0.9999651041483988,0.8519913318343744,True,False,"[0.4048359889735845, 0.28111590470021913, 95.29226125355058, 31.685209740081547, 334.7958680265509, 0.6873127502436895, 0.25223562282267903, 145.8347832013554, 39.85504689435791, 68.1989269490868]"
1211.688163570484,13.849184101818297,1.0,0.17382685100794104,True,False,"[0.4229934041910507, 0.2586427122894198, 97.25943747281744, 32.41104339769326, 337.2210501916152, 0.7727263026131743, 0.2015428474185796, 142.7480748614198, 42.05058406875715, 71.70586003178774]"
1199.571281934779,13.716034020368586,1.0,0.20588333735236386,True,False,"[0.4418743767998982, 0.2364074541951555, 92.98344268514025, 30.9880684994791, 341.1713589513136, 0.8338228640852803, 0.2801250374141168, 145.8288126495632, 49.98774900652971, 74.05226405737622]"
1187.5755691154313,13.677391445492168,1.0,0.8060304435336478,True,False,"[0.3589912171509856, 0.14659860656508128, 95.25702413930429, 23.518210571159315, 343.0806334523129, 0.8435843001974285, 0.18540161359854496, 141.6998039159825, 52.26247121612785, 72.73514691356243]"
1175.699813424277,13.636715505337557,1.0,0.2936991754496686,True,True,"[0.41654817797151145, 0.1938558527745641, 97.11100237132803, 29.612827532391695, 344.1110235069724, 0.7457455477202708, 0.20053418121765754, 145.6328098536311, 62.1363595690387, 71.73193650818838]"
1163.942815290034,13.754576696273682,0.9998987448332857,0.06613479768777852,True,False,"[0.413611554511938, 0.2877072017458591, 99.68244312230854, 35.46300511265509, 340.61189029779706, 0.651837215780628, 0.28242532143674515, 150.14800596878968, 69.17420920610954, 67.01601694920853]"
1152.3033871371338,13.81744304186535,0.9999454443756554,0.18930620448241098,True,False,"[0.43045469682173276, 0.1968424709627119, 103.2829387141495, 41.56486004661414, 338.38442342847924, 0.6769958800829217, 0.2709837151982478, 151.71175338535227, 65.89837279925722, 69.76243368965442]"
1140.7803532657624,13.79786282594226,1.0,0.42045966846256555,True,False,"[0.42027184152404684, 0.2463641246887911, 107.7726443461306, 40.6890446866934, 341.1633807669853, 0.6905644173908617, 0.1906258629023393, 149.78989383514102, 71.69983753701831, 72.82259227436187]"
1129.3725497331047,13.595746663356646,1.0,0.6123053809737765,True,True,"[0.39202558261771947, 0.21793022787147626, 111.28221115494875, 44.9007371952026, 340.64788175296, 0.7821333198315708, 0.20577061138505254, 147.98446774924565, 72.88637402511053, 73.04019856641037]"
1118.0788242357737,13.786958071693558,0.9998289967980387,0.25558866904531397,True,False,"[0.3317041897114783, 0.31460674943386335, 114.39310073078939, 35.87948004106306, 344.4461947132816, 0.6865018195158877, 0.27372782464329104, 148.5842146957676, 76.36739424298563, 75.18227436146877]"
1106.898035993416,13.560169282020773,1.0,0.9632649276878285,True,True,"[0.2992791798313999, 0.2229140243625089, 111.32162645615553, 34.32946472593782, 341.2868996739472, 0.6902267844951933, 0.19644907598377911, 146.19389373721938, 72.5410682729602, 71.30374705411978]"
1095.8290556334819,13.640669385356562,0.9999265422410483,0.9575485891799178,True,False,"[0.2934208242281071, 0.31144734597260715, 116.12659589934962, 32.14274589734171, 343.9459062989343, 0.7878576220426957, 0.17760717415443628, 145.55907529432082, 63.88629910797787, 74.63896031057196]"
1084.870765077147,13.69662758572543,0.9999484208082489,0.33184911940940875,True,False,"[0.26980107125061725, 0.324213267203032, 112.4534427485202, 36.736714438041176, 348.5376802189562, 0.7063212562577004, 0.22973130483225876, 146.8018349402215, 57.30178988918845, 75.80777141389144]"
1074.0220574263756,13.849746862491438,0.9998574439310562,0.028014544475409298,True,False,"[0.2952096282737301, 0.32117784204000954, 110.44393738201586, 34.14066369719799, 344.68642670540237, 0.6760733348064657, 0.2889969389768171, 150.4658968547258, 56.11085015216262, 78.19435471055426]"
1063.2818368521118,13.742612356966267,1.0,0.8409417868626242,True,False,"[0.2569571082044959, 0.35109124555677246, 113.40089401380934, 39.53961918173935, 344.13052101620167, 0.6782072871029265, 0.37801420573637545, 151.8776194949099, 46.7466152605195, 81.07774380201789]"
1052.6490184835907,13.742505715565429,1.0,0.7416388406653891,True,False,"[0.26946694104372015, 0.3511356533487043, 114.87668837433525, 41.887913484732024, 344.47721894578046, 0.591984173163299, 0.34822663768523665, 152.84722226084534, 46.946300007732404, 83.6720117375421]"
1042.1225282987548,13.848009079554563,0.9998987661999611,0.3976236988610914,True,False,"[0.26547552442658, 0.25835291691547857, 115.06934753024129, 44.303257122211406, 344.4334831972402, 0.5249044297367774, 0.25499880817150905, 155.26143359656655, 50.17126803806178, 87.33697034630836]"
1031.7013030157673,13.869543736286463,0.9999791272610352,0.5285635699028209,True,False,"[0.23675726401695502, 0.17559886566660793, 117.53779325818009, 52.596690272928136, 343.6538538730985, 0.5585212173135039, 0.3167761075469874, 156.8366636109956, 43.17721828627201, 87.73695539936507]"
1021.3842899856096,13.759438277008552,1.0,0.13845701886368922,True,False,"[0.22336804890354753, 0.12092203779647986, 114.66513601687103, 59.583524973262584, 339.7324652316958, 0.5103827420907465, 0.23978667530000602, 153.68498983372555, 43.84498650842049, 87.9112103438202]"
1011.1704470857535,13.772563441179319,0.999987019914372,0.7254613017474728,True,False,"[0.26731210628748237, 0.141212645622743, 111.39136258983511, 69.28844691489329, 339.0473808267209, 0.522320245447398, 0.2863369404490974, 150.38334703577735, 47.725044710398855, 92.85914808100436]"
1001.058742614896,13.802642504227332,0.999969953200671,0.04823579176214032,True,False,"[0.2805919854266388, 0.19172298941944024, 111.87998390588128, 68.70160522369052, 341.58696548529355, 0.6040211117963716, 0.18777648173333455, 155.18750888575585, 42.85468347129094, 89.1850820275451]"
991.048155188747,13.755973785874737,1.0,0.08848053843686077,True,False,"[0.29932111577272447, 0.14679771562672866, 113.55614447339217, 69.88157487226032, 344.84226089224853, 0.6793834297319274, 0.2518022861933055, 158.7516204627749, 51.193063418581616, 87.01333128262989]"
981.1376736368595,13.78900900317319,0.9999663302490168,0.5510139253632912,True,False,"[0.26008038156018476, 0.1356527217628723, 109.4606620308697, 64.91973513189966, 343.14191601544655, 0.7041034779390527, 0.307422996107089, 160.78346477289472, 44.94412540769741, 89.08397775676774]"
971.3262969004909,13.813358386426398,0.9999749321333767,0.1680713291893824,True,False,"[0.3117897850952601, 0.22193742821010642, 106.17776588116011, 62.18569346998329, 340.38938399295296, 0.7447520441532167, 0.3688442671940697, 162.64358609389146, 42.67164379755708, 87.74968651521976]"
961.6130339314859,13.804992062820146,1.0,0.7457831617581249,True,False,"[0.35665386889490336, 0.3202042392786454, 110.11006223778342, 59.17677750285003, 337.3592950446286, 0.7201436701003882, 0.44791200904159345, 162.74016869536035, 35.697884023019526, 90.1889000613404]"
951.9969035921711,13.907118912730635,0.9998927293021459,0.12395678712559544,True,False,"[0.42232042170981676, 0.30955891325536244, 113.278418042973, 67.22053193886876, 334.6742799346792, 0.7555501418050969, 0.3627801845424831, 158.69588049216173, 43.86525147500104, 95.026458686473]"
942.4769345562494,13.906269305169058,1.0,0.5098481808297277,True,False,"[0.379500618894626, 0.2898675176150496, 108.5009566954991, 65.10744297312237, 338.0529629342863, 0.6639184702125023, 0.352742662569564, 161.645650033629, 37.9797905017852, 99.67634357412011]"
933.0521652106869,13.85583510677398,1.0,0.7885837144138099,True,False,"[0.3836471060690015, 0.3742483800884778, 112.93698533005804, 62.64538467838456, 340.99838066839754, 0.6505707674445932, 0.41773735761731223, 160.96306143205823, 36.220162984093115, 101.51302827367817]"
923.72164355858,13.939899492406408,0.9999089979528519,0.51293736834947,True,False,"[0.44548233880861, 0.2908514870272022, 109.48557203630615, 61.03461575348736, 339.0986692332545, 0.6629548510238484, 0.47382149342556334, 157.24191543300807, 34.616841789147145, 105.4613023335992]"
914.4844271229942,13.823703253277442,1.0,0.7359027759920723,True,False,"[0.355617546369709, 0.2658203496190437, 110.96997852050114, 69.58625061492893, 342.86481688183585, 0.7527781295843756, 0.462363063767745, 153.36840203870585, 39.75363862986033, 102.7775162227491]"
905.3395828517642,13.832501431257807,0.9999902819501142,0.6429479575463855,True,False,"[0.4438974012529837, 0.1979154488932413, 106.27863136467678, 62.37108325063672, 346.27336882135927, 0.66230050090451, 0.4240715421369573, 152.73726975556713, 36.657557673294995, 103.10243674046838]"
896.2861870232466,13.9266097926346,0.9998950073957271,0.46382858920987,True,False,"[0.4505101742084212, 0.285588646390729, 105.86049798933674, 67.07291505390756, 348.7042222230277, 0.6955426074361123, 0.4106181453915395, 154.57657429331135, 46.11793481367022, 105.52315125858017]"
887.3233251530141,13.920641748482335,1.0,0.862676606479579,True,False,"[0.46493182820949674, 0.23285785289535837, 110.4331509387153, 72.25522039491541, 344.4239787001196, 0.6898265809609684, 0.40851014462627816, 159.18560853602798, 43.77310844510627, 110.0027772399933]"
878.450091901484,13.850058456579996,1.0,0.1576356560311517,True,False,"[0.3986048033876709, 0.14655676013490773, 108.25401129460676, 76.8439741699697, 344.93396296521314, 0.7813136827448315, 0.3944071766805506, 163.2189327572089, 36.16069187496565, 112.54018649331874]"
869.6655909824692,13.84790907193415,1.0,0.2878256764529886,True,False,"[0.41982358764328737, 0.09517466777769573, 109.8609256585653, 72.20953266617673, 345.8552328092499, 0.7938980322499938, 0.43196693428016353, 163.05866266606384, 28.825536434212992, 112.16957768759931]"
860.9689350726445,13.845731228242528,1.0,0.7698748238164358,True,False,"[0.5056674872563627, 0.15807059332663706, 107.37482996121021, 69.04842406530842, 347.46984756106053, 0.7655737155784285, 0.347504621080481, 161.36704334382176, 28.15661441133308, 109.23390548398253]"
852.3592457219181,13.933062022476593,0.9998975475177073,0.23875542693239282,True,False,"[0.44996717619910237, 0.23465935670047694, 105.37795759148996, 73.87336693268696, 344.5589454175824, 0.7274809278742844, 0.4234424197282302, 160.25639999797724, 36.91744325786725, 105.36312925434113]"
843.835653264699,13.906417803534247,1.0,0.49109973440944465,True,False,"[0.5055420462895565, 0.2591699014722408, 100.84901867213226, 66.3688062161177, 347.98979976187803, 0.6556229522874168, 0.35922631099689073, 164.32268588397542, 35.49900094793479, 108.10754924773896]"
835.3972967320519,13.93393819697708,0.9999670576619593,0.6222678961026861,True,False,"[0.5662729156830402, 0.29056957338557743, 100.68192870910704, 71.0017053241384, 351.9524312792368, 0.7286677141651015, 0.3974814152627416, 167.1379715598316, 34.71483015337181, 103.7035778263557]"
827.0433237647314,13.98277454187487,0.9999409524245629,0.8932708443102326,True,False,"[0.6368041121940676, 0.22335555999385187, 95.76960154922683, 65.23151124564872, 356.3770356099716, 0.7478977639493787, 0.4573594567861675, 169.9370827332053, 35.520666995847826, 105.23667906054317]"
818.7728905270841,13.938010278043834,1.0,0.9628712400434511,True,False,"[0.6039499636926701, 0.26095558381041684, 98.02194247418713, 63.501705687684876, 351.7226916963445, 0.6868008236058637, 0.4812144143651325, 171.51176302082735, 36.168650529341775, 106.45910290310482]"
810.5851616218132,13.990096052263738,0.999935745060132,0.5260372860162599,True,False,"[0.6169466514224874, 0.25414057762379066, 100.5349386921781, 70.63460858894214, 354.4132912762171, 0.6872316420474959, 0.5747333694308869, 175.95103325556002, 27.33644542387743, 110.79747668284992]"
802.479310005595,13.961749706365792,1.0,0.2900229896661184,True,False,"[0.5682288729228799, 0.32778459384397385, 97.79622539898898, 75.00649275851804, 350.3339306391865, 0.7434489913061406, 0.607582960744606, 179.3265715170988, 18.535021348861957, 114.98813207378068]"
794.4545169055391,13.987579590785026,0.9999674877995226,0.9044939475894042,True,False,"[0.48175741078233686, 0.3874498485073985, 93.0837948491266, 81.09677300121497, 353.1041424505754, 0.690880364145809, 0.531134995876701, 181.8654282930919, 12.968263272178701, 115.93871582567708]"
786.5099717364837,13.966729364120411,1.0,0.026330597940774858,True,False,"[0.40610911678855355, 0.3488620463465728, 93.48726648496357, 83.80236807506347, 357.3221191014511, 0.7092631833789669, 0.44252679376767484, 176.90869851264355, 14.807627723037768, 120.74881612938488]"
778.6448720191189,13.939892687499995,1.0,0.725573947337472,True,False,"[0.32776059721964457, 0.2943659870937941, 95.34277257910537, 87.49947815554385, 359.481964512199, 0.7678806684234882, 0.3501017792419199, 180.60020436506937, 19.683415728118355, 124.45011360402881]"
770.8584232989277,13.983047443867163,0.9999440188403927,0.5858461921152968,True,False,"[0.4234480359279199, 0.30771664340478716, 93.62076844986258, 87.7105970474471, 355.26813884579036, 0.7165323553459902, 0.2730065364207579, 177.68329167701071, 18.731810050679364, 120.93236826019677]"
763.1498390659384,14.011685024136346,0.9999624752027843,0.3448567367441363,True,False,"[0.43246868717262804, 0.30776400845634855, 93.04629355041494, 82.23371269245757, 350.8473431414868, 0.6375218436148694, 0.19192341778443456, 176.05870131022476, 19.934529273030773, 121.48353705172133]"
755.518340675279,13.991897935773292,1.0,0.8984450842179378,True,False,"[0.4246057463786369, 0.2796981616787709, 90.65440861267176, 79.75401863592212, 352.9892780587391, 0.6763211450031835, 0.1645659062507372, 174.92559616907346, 19.743383030488342, 119.10513111536521]"
747.9631572685262,13.985258513457037,1.0,0.2035865335037781,True,False,"[0.39633292761785016, 0.31124373495831137, 93.43761068690804, 72.82235101523354, 356.579667354226, 0.6504832804498671, 0.1537653722399049, 178.72732666982003, 10.210360401612691, 122.24794826395276]"
740.4835256958409,14.013577731058998,0.9999617565076022,0.1663087498782012,True,False,"[0.4451879981803464, 0.24853167326787598, 94.35634787997728, 79.714426123349, 360.3003183877057, 0.7081913664431974, 0.22944321344245222, 177.05114499895174, 7.039360905047957, 122.69740094429716]"
733.0786904388824,13.975415224696299,1.0,0.024410580496852075,True,False,"[0.42250947112242904, 0.2508236249306526, 94.51825216733968, 82.59100550129705, 364.14453817859584, 0.7462808438606234, 0.31570753564979537, 172.32283277486746, 7.776541094697082, 119.49081592441128]"
725.7479035344936,13.931068764492949,1.0,0.281604487063716,True,False,"[0.3785414814958846, 0.29962641534059437, 91.19735740025148, 87.78418260002113, 368.8554426053149, 0.7823332677102892, 0.2503283037985433, 169.04114807345817, 11.9989672351261, 118.18671906123613]"
718.4904244991487,13.94130814287476,0.999985748863073,0.42005294366386325,True,False,"[0.40331367261371354, 0.3161063408082482, 88.82191577087937, 91.68661159285881, 364.5437474169409, 0.8814331487120599, 0.2012635345104758, 167.59354431217506, 21.827048460770534, 114.14705159198307]"
711.3055202541573,14.071353149893978,0.999817190902855,0.9154936278287046,True,False,"[0.47381356404555297, 0.35966751660186685, 85.95599330488011, 99.92270010322083, 368.3143394124278, 0.8490925326457748, 0.2235044005510543, 170.29158962439703, 30.646645680775634, 109.3693432032562]"
704.1924650516157,13.950772885014445,1.0,0.6028159045049881,True,False,"[0.3786460385696093, 0.26551398047925323, 87.19730071827681, 96.4102216366618, 373.2941965519767, 0.7500163112842126, 0.30323492271082975, 168.95148976169995, 25.148183299503806, 111.0565677511107]"
697.1505404010995,13.975664242315226,0.9999642962150959,0.27385917354887,True,False,"[0.40909105077685937, 0.17918865163640973, 83.79502792944422, 89.70722411933751, 377.9991252795719, 0.6551044715148241, 0.31056311333808156, 171.0566963793362, 20.926548567853263, 112.40398750626917]"
690.1790349970885,13.924464194297917,1.0,0.5648940668853423,True,False,"[0.32131788738911987, 0.09497239950770303, 85.95406182702706, 99.34746181392745, 373.8725970064491, 0.6622620941733867, 0.37001070344977716, 168.64684004189516, 26.217668173355193, 115.591835699136]"
683.2772446471176,13.941272885792841,0.9999754001982643,0.8706244995854046,True,False,"[0.25498763693275284, 0.11305057351503899, 90.09981670928558, 102.43557731297182, 371.2884898514324, 0.5984901040243203, 0.4520850520475656, 172.8160374648018, 17.350967297167976, 110.75203131598549]"
676.4444722006465,13.980860415287239,0.9999414787573049,0.9351893773224271,True,False,"[0.2923797414554559, 0.18460793274911175, 85.756016657199, 97.95935986779864, 376.20192091517436, 0.5513004870944216, 0.5204668893443866, 175.02627676651213, 13.764493718217562, 107.62268304577668]"
669.68002747864,13.979029966172515,1.0,0.1006408225553358,True,False,"[0.23029929393418372, 0.2697015808809149, 90.7215990080525, 95.19244762232185, 376.901306044429, 0.5615823236634129, 0.5213297889008295, 173.95093619963308, 22.62189552011246, 106.01912683757739]"
662.9832272038536,13.991394509358033,0.9999813503156937,0.6312838060392829,True,False,"[0.13877918206715217, 0.2560543210594436, 91.00460236761558, 85.26935161422668, 372.99340524187073, 0.6435634242497802, 0.5245356718832161, 177.42718790637858, 18.785952126534795, 106.8620346133225]"
656.353394931815,13.97593763299557,1.0,0.10935625076963074,True,False,"[0.1560503825986498, 0.29008697521805976, 95.20105856530687, 94.16142677557897, 374.37277359687636, 0.5914473497816085, 0.5599286450207134, 177.37859367115257, 16.729443524446925, 105.45776272789247]"
649.7898609824969,13.948060249650123,1.0,0.04892811608327641,True,False,"[0.22233863052525762, 0.26331728098240736, 92.18318777400654, 84.28505275179577, 372.26438266615884, 0.6191436332732059, 0.602344678019426, 181.07885530278628, 18.71592797654063, 107.16199600819841]"
643.2919623726718,13.951918589761473,0.9999940022124225,0.18503654677244075,True,False,"[0.17874112170918263, 0.3315488283032597, 91.47631693863262, 74.54140949405583, 374.4822239946903, 0.7068166186149394, 0.5657942399162408, 180.56835920374704, 14.753113240940639, 111.24675345432956]"
636.8590427489451,13.93494279167018,1.0,0.35298382045630783,True,False,"[0.20190991639585626, 0.4134004778792327, 95.03394361525692, 71.60698147562087, 370.7860010528982, 0.6635918979832458, 0.632870352362458, 178.87555295863137, 16.055194896239495, 111.33772553948936]"
630.4904523214556,13.91213116552834,1.0,0.48387708543622776,True,False,"[0.2789759884874081, 0.4476211737214742, 96.24807601766013, 67.469903054868, 367.91202545755124, 0.6333102740710904, 0.543863503029963, 183.05129477758473, 21.001198053607304, 114.90038167787887]"
624.185547798241,13.952374858778288,0.9999355281517085,0.6876809532697954,True,False,"[0.20375835676079473, 0.3551755502970793, 92.39126602602711, 71.70492911914799, 371.6630033200341, 0.6404300069862497, 0.6298295479892468, 182.35563149097467, 29.649363600626387, 116.89052681077021]"
617.9436923202586,13.938245078480984,1.0,0.8194481281492331,True,False,"[0.202091089888155, 0.2701628940867169, 93.72251540742758, 62.97439775179704, 368.8261109584439, 0.6618067282312007, 0.6337958119566139, 186.11726611770135, 25.1119350460144, 119.16955026029332]"
611.764255397056,13.940531897442884,0.999996261934777,0.3654370845608865,True,False,"[0.2052265587480471, 0.2273104887223425, 96.56851286817967, 71.39224834738793, 372.2006779768055, 0.5969252211651146, 0.6104865465543988, 189.70841934460435, 28.989989072242928, 121.60244108087683]"
605.6466128430854,13.945736146042362,0.9999914071570295,0.8547286042293338,True,False,"[0.23267634317876748, 0.31318220164959376, 97.13910447973589, 74.71182706833052, 371.0287883148193, 0.6524852129482996, 0.6757185560033052, 190.7830354335675, 27.922896624170534, 121.64964310294299]"
599.5901467146546,13.94223988657637,1.0,0.14913413807742015,True,False,"[0.21525364156512333, 0.26091444786139684, 98.16312370820529, 73.1647565249776, 372.9123812727442, 0.5932145667174663, 0.6965719274456809, 195.65168083297453, 34.47002279163728, 116.82548338983992]"
593.5942452475081,13.958451477131728,0.9999726894771797,0.05094542795955426,True,False,"[0.2239729646872322, 0.19570542051291356, 98.80319513527499, 80.11169900332835, 370.952048109445, 0.5014478969102781, 0.7219259433169317, 191.34059838390007, 31.021239283062997, 112.88384402506628]"
587.658302795033,13.97588435350071,0.9999703354522252,0.08143300312934276,True,False,"[0.19652153265377326, 0.2578885210076556, 93.93350780782399, 84.54073964077185, 372.50691590602605, 0.5415086747350022, 0.733498414212546, 193.35051770767788, 28.503856340300217, 112.45107373485428]"
581.7817197670827,13.964084422846266,1.0,0.6162837426233945,True,False,"[0.2738269195943359, 0.22151128875302784, 91.72562882221334, 79.35807406328111, 376.55202517449277, 0.5143948496619932, 0.7217377351550998, 197.36563474590997, 34.61853128996182, 115.0719529137615]"
575.9639025694119,14.008090220690914,0.9999235991759425,0.9759948347595806,True,False,"[0.2651148435264118, 0.299657965583093, 88.78333948115588, 88.19375409547162, 375.8292976455205, 0.4307175378074237, 0.788246304505917, 201.27613406444914, 43.613969768523916, 112.99714785938447]"
570.2042635437177,13.990397489609197,1.0,0.08328700247641818,True,False,"[0.18515195184862684, 0.27891351980955853, 90.63041831068293, 92.00389798454252, 377.47336142797474, 0.3465747388936251, 0.6955467919657043, 204.00789325311587, 51.92268868129963, 108.64578656193366]"
564.5022209082805,13.974290952218114,1.0,0.017373326909262632,True,False,"[0.28338718408865227, 0.35518797452642414, 93.22372778881544, 99.8868826505225, 381.4529278457214, 0.2936089713136002, 0.7167015395518385, 199.61298401197283, 57.289198368130755, 109.39902268323195]"
558.8571986991977,13.970567367039745,1.0,0.12759024568617883,True,False,"[0.30225493825947247, 0.2951118603050781, 93.52898486819885, 91.96608647831341, 386.0973848213447, 0.25648927959038165, 0.8002095851007652, 198.4427785821, 59.21433949907757, 106.48594844299916]"
553.2686267122058,13.928840161820753,1.0,0.44464796343168667,True,False,"[0.20480980143533595, 0.31230456384755934, 94.29308558698337, 85.7687116043053, 390.79377670126917, 0.31886737159834094, 0.714136251172586, 197.8946578885361, 67.03517768955315, 103.90897402185105]"
547.7359404450838,13.92167627957443,1.0,0.5731311476394375,True,False,"[0.15225649706436997, 0.3353423058428502, 98.18220133965623, 79.27200165443249, 392.45388779753756, 0.2863358111529745, 0.7313934276722972, 199.23065792532145, 65.79625300652816, 100.20761280951828]"
542.258581040633,13.931824038947482,0.9999812862999747,0.39890786759137153,True,False,"[0.19630917072108633, 0.4205758962517927, 101.50573974565296, 79.20568703942195, 397.45095894139945, 0.24279578097304222, 0.7406824922133349, 203.1413912182723, 67.87100402173252, 104.78757157689843]"
536.8359952302267,13.918912925375917,1.0,0.680596232243729,True,False,"[0.2736658343488829, 0.4210463607576789, 99.53609959428022, 82.1827886823953, 396.1312066320482, 0.2597090536451742, 0.7923700313163584, 206.8127588098364, 67.36581800344867, 106.98973496750757]"
531.4676352779244,13.993083814767203,0.9998604511185336,0.9519493499305428,True,False,"[0.3220469278034144, 0.4433785182519071, 99.33696450487709, 83.6677347291918, 395.24645901676035, 0.33301066177395505, 0.8087584122883744, 210.90866413882827, 70.743454004125, 105.91297286377201]"
526.1529589251452,13.981968534670255,1.0,0.8363290861742443,True,False,"[0.35507566698988796, 0.5337641138903253, 103.97813452137638, 78.94401345759805, 391.89590414446667, 0.3556790526708899, 0.8120520422669756, 215.85229673922174, 70.20380032873953, 108.27163964845192]"
520.8914293358937,13.978292881053365,1.0,0.11479777166449223,True,False,"[0.4065442687903568, 0.5068983381083874, 99.49137120993196, 69.797028216716, 387.3658856408844, 0.4150275580981191, 0.7574685809645852, 213.18325155065628, 69.80470046523001, 112.83998069508068]"
515.6825150425348,13.968626459845753,1.0,0.26954261389989365,True,False,"[0.4614849526112077, 0.46908631448953475, 102.33076078355465, 60.717331713709186, 386.89416445493237, 0.35986576753728755, 0.7493038497505019, 208.60946826937175, 74.88584530795762, 113.261168847385]"
510.5256898921094,13.974938969280547,0.9999876353520817,0.25506301534693354,True,False,"[0.43711118263415333, 0.3968509874883261, 100.0191195683084, 56.187489447636594, 391.48580981899255, 0.3099797183652759, 0.7889411394174336, 206.96981307096107, 71.46456584451673, 114.1319539397713]"
505.42043299318834,13.871291671531075,1.0,0.830568584338862,True,False,"[0.5021598613134387, 0.35283473238704977, 102.04322274418651, 46.89366445872745, 388.2572999682715, 0.3052706697480629, 0.7508890321543134, 204.31714477968652, 73.77879178845473, 112.80963260710726]"
500.36622866325644,13.87261151013029,0.9999973622583161,0.7716897082283217,True,False,"[0.4930540804232144, 0.26206379781959255, 97.09672380588691, 38.81897082557537, 383.5205048948051, 0.26065719698641177, 0.8143355691521624, 206.0302760361109, 73.27888274909614, 114.04415632392936]"
495.3625663766239,13.900826628777736,0.9999430431020991,0.5350026399740625,True,False,"[0.4170625223271848, 0.16410819874364463, 98.98294973589397, 38.77346749550401, 384.7919041000148, 0.342879270449273, 0.8084255927821381, 205.9373283322928, 74.09802865642642, 112.08077146778561]"
490.40894071285766,13.907264219361531,0.9999868731016169,0.954945187217845,True,False,"[0.49162377730974016, 0.07901472318670395, 99.34914119941017, 39.16384316477581, 386.4475214279228, 0.4006072867309022, 0.8631974114049727, 201.0388529946578, 66.0463587698095, 113.91826448265722]"
485.50485130572906,13.92508696773109,0.9999632909512818,0.6398731949705965,True,False,"[0.5433608975205431, 0.16067481818417756, 101.02974220717175, 40.7542581821929, 390.12457474279245, 0.4428314215082, 0.8655883049891275, 205.57010609169083, 72.78036282722779, 118.9023495144889]"
480.6498027926718,13.935322267771866,0.999978705512822,0.0994796780794629,True,False,"[0.5473931035612651, 0.1634787679576231, 99.72239328939425, 40.83352146751252, 386.96964022892445, 0.4337570566739495, 0.8556221557795536, 206.68429767414383, 74.49693350644831, 118.98257113130148]"
475.843304764745,13.912333765312408,1.0,0.643416737589493,True,False,"[0.5943243000680787, 0.19213107724418263, 95.50898890298734, 36.68499885092486, 382.6117278857337, 0.5303518942948889, 0.7641181943712719, 203.03387481357743, 71.02285857971387, 119.95853942793356]"
471.0848717170976,13.930645947697649,0.999961128391994,0.8603398705644352,True,False,"[0.5419747923518705, 0.1822013587828973, 99.4505145895363, 36.464036847284156, 385.0318503296928, 0.4870341901138325, 0.8503533268854268, 204.91544800707163, 65.53695317723276, 124.9126564515488]"
466.37402299992664,13.93271030242954,0.9999955736167512,0.44789314116209933,True,False,"[0.45656552059002026, 0.08943337725424892, 99.7222801888252, 43.0136280659621, 382.69681144204486, 0.4357794139144988, 0.812017341802059, 209.0343234074751, 68.77396374710133, 128.78848848760052]"
461.71028276992735,13.95171110362255,0.9999588477646336,0.11929141412926247,True,False,"[0.36979514498911037, 0.1846293077613007, 101.6219458159949, 38.31225859545104, 378.39394817272813, 0.49684644245986087, 0.7721636436429329, 207.54124100444872, 76.93042733664903, 133.14829620434804]"
457.09317994222806,13.956889928167218,0.9999886701542832,0.7618791114864494,True,False,"[0.3312129513633052, 0.1352219250467645, 103.48875306140422, 48.268813198607056, 382.2658274032232, 0.473656450247908, 0.8203216319192292, 210.1421886269069, 76.31049774490837, 133.4203764355042]"
452.5222481428058,13.927319502434429,1.0,0.3373686037665179,True,False,"[0.23967470387117606, 0.21752740582747923, 106.19631688844711, 55.41399655511479, 384.5510191881404, 0.5714859647485, 0.7762877217631394, 213.43616862322375, 76.10272241390757, 128.83827380629862]"
447.99702566137773,13.915776208753307,1.0,0.010720422150590103,True,False,"[0.26614837309657774, 0.127833826982653, 107.04170546372485, 50.27755776677378, 389.36931452197655, 0.525140806039324, 0.781436644126147, 208.6251709508523, 77.7281565216528, 133.12624763610967]"
443.51705540476394,13.892558570464807,1.0,0.6778571613443883,True,False,"[0.29605622536820453, 0.0739847119820001, 104.94097176885504, 57.211310594077986, 387.92126430008494, 0.6128384046762879, 0.7539392849758, 210.35388727932494, 68.27157804237383, 134.8898348208027]"
439.0818848507163,13.917433971916267,0.9999433483874256,0.0850011255524804,True,False,"[0.2516967768729595, 0.08949240130418967, 101.8589634773419, 57.550377555881354, 388.8615682311569, 0.7000040714403227, 0.736751594316727, 207.7732965571801, 64.33911403011746, 135.0251463443243]"
434.6910660022091,13.905500621964197,1.0,0.8242855382409363,True,False,"[0.30423538831565816, 0.1045608512483434, 106.75350036223237, 59.169661344698625, 385.4868382573333, 0.6570029562990781, 0.8321308258608553, 207.0097168349274, 67.41209135261178, 139.9526894561551]"
430.344155342187,13.898950342397436,1.0,0.3643417042205829,True,False,"[0.2173291687464073, 0.1368835186630501, 110.28512966272741, 49.94275833143614, 383.73323419753734, 0.7432389855790151, 0.7726744260931377, 210.60282833583491, 72.26071550010501, 135.99723616115645]"
426.0407137887651,13.910847562417423,0.9999720753122388,0.4625150707456661,True,False,"[0.17917205380990903, 0.15909481109330345, 109.58012629006313, 55.81283423371343, 380.556198210321, 0.7227417357179055, 0.6786417228110987, 206.21736910156824, 70.0434650241951, 140.92936667367226]"
421.78030665087744,13.937242027733573,0.9999374232531688,0.6318674313018164,True,False,"[0.1599967948065201, 0.1779965355329038, 111.10777341332489, 50.71995516206384, 384.55702865122004, 0.6621603618852768, 0.6715019420871235, 207.65980902590553, 73.10861592841867, 138.35207152107657]"
417.56250358436864,13.898183724300605,1.0,0.2932202311069726,True,False,"[0.2107392130254952, 0.14354264759911822, 112.19478283166315, 41.97893432152116, 389.3169190828059, 0.6054429187687193, 0.6787433715842597, 209.56522914746836, 68.16448471620387, 138.71069690168113]"
413.386878548525,13.949072578734135,0.9998769053278262,0.28902905356722763,True,False,"[0.12386040984124139, 0.2226843586776997, 110.43863124918852, 33.06689058224019, 392.8921860053735, 0.5905745524456464, 0.7034782998640777, 206.44457554221816, 63.718697402879656, 142.87654550088484]"
409.2530097630397,13.918709551617063,1.0,0.47783785627161135,True,False,"[0.22021919079012595, 0.19728438262923953, 108.38874370808696, 28.320232595569003, 397.13334019560494, 0.5217572189592722, 0.6119476056356106, 208.19173068544526, 60.94046174165493, 146.92493870813342]"
405.1604796654093,13.91940596074109,0.9999982811538626,0.5910433717452287,True,False,"[0.24424925708624712, 0.2756896767665252, 103.54709255129097, 23.634986387301865, 395.0060461892126, 0.5993895803247146, 0.5673073972564198, 205.3330938319181, 59.51817129793991, 147.81955330738464]"
401.1088748687552,13.912904937928566,1.0,0.7826476660720763,True,False,"[0.24419137046169398, 0.23795191597313742, 105.67746580663878, 26.890495826644614, 393.75677783145073, 0.501502180189455, 0.573634440137102, 209.8452162166695, 68.06963552390745, 144.174523655052]"
397.09778612006767,13.911732091835844,1.0,0.08593982189675886,True,False,"[0.3005454515091885, 0.1769759147130499, 102.02797290302308, 17.44538395723037, 389.48437974962354, 0.5785823310565654, 0.6080178125189825, 211.42672090261448, 72.85515911084299, 146.7955170619895]"
393.12680825886696,13.928412720546323,0.9999575702432904,0.0635017054334438,True,False,"[0.3014562694538636, 0.21194387855209182, 98.03933457878905, 20.572869608512693, 393.9415077276833, 0.508880653546044, 0.5918008088246849, 208.48208617045637, 66.98657369150384, 149.99486877585966]"
389.19554017627826,13.932457961332517,0.9999896062021635,0.002176481648990425,True,False,"[0.3765103043600684, 0.2151597992508384, 98.00761963335158, 24.601936143565947, 394.73601143973207, 0.5824972781483485, 0.6357313715885895, 207.72889223754052, 61.51490221125985, 151.4652051943682]"
385.30358477451546,13.93759357504955,0.9999866713425608,0.6733529982314045,True,False,"[0.40211025029406, 0.21599760196495105, 99.24397189635752, 27.399473240026786, 399.7141131034868, 0.5282214245781596, 0.5727169734668887, 211.60282048648574, 61.14243600685511, 156.36558131130295]"
381.4505489267703,13.935314223250742,1.0,0.8299432781779364,True,False,"[0.44802277119474104, 0.1275798971658635, 97.4654385405261, 24.16314758591602, 399.1639880945408, 0.46657722195041706, 0.5727604881633513, 210.0769374369092, 52.79388808423003, 159.35375143568734]"
377.63604343750256,13.949865574490813,0.9999614680030022,0.9862265395214633,True,False,"[0.4834596837140408, 0.18491946410369683, 94.34418945495753, 14.63597463115114, 398.9593149841047, 0.5504441179779624, 0.48273932422103805, 214.609469219301, 46.25385302957551, 156.60054814211028]"
373.85968300312754,13.952752359031848,0.9999922784575951,0.9390296054977072,True,False,"[0.5585050871101996, 0.16251706469861824, 92.143178585944, 20.321126166764117, 395.62916033092137, 0.6030661062448335, 0.43538583122126107, 218.39281382127083, 54.24720467977666, 156.0659862048357]"
370.1210861730963,13.953340576633728,0.9999984107440607,0.9700583162119271,True,False,"[0.5129326658047922, 0.15790745854904842, 92.29485102484169, 15.024205923932179, 395.73611626728183, 0.5098838246223942, 0.5265839558643561, 220.59670714713513, 45.72022567040422, 158.6047413229354]"
366.41987531136533,13.968179049963435,0.9999595049999046,0.27881424395594623,True,False,"[0.5687579709255819, 0.2065927593104479, 91.99460125919764, 21.75526906054274, 395.6450399512453, 0.47696185757333964, 0.6172659244887384, 225.0926342654138, 45.58336219187696, 163.3606182332956]"
362.75567655825165,13.972456600992865,0.9999882082456985,0.8219587857000814,True,False,"[0.5466436186654223, 0.23596901292893016, 93.62070552707087, 29.60171738058145, 398.036149942561, 0.5711459753868471, 0.6094054048168136, 222.21375777779346, 40.12266957631557, 167.7123606499591]"
359.1281197926691,14.001612120996525,0.9999188191206829,0.43095725156793485,True,False,"[0.4479446095118736, 0.31878438996890984, 95.64776035707027, 37.575000016008545, 401.6720320372566, 0.5627171762899487, 0.5338474393337109, 219.19263106608346, 40.343531095882696, 167.16562537507983]"
355.5368385947424,13.966399445758581,1.0,0.1841807054447524,True,False,"[0.4682396722160014, 0.22226088425128446, 98.06625033641133, 43.59100977823403, 397.7159755863916, 0.5258725613786801, 0.4965482651898062, 223.24067886479148, 44.077861987805846, 164.96200759457324]"
351.981470208795,13.941003420156342,1.0,0.4925501166711139,True,False,"[0.446715093813534, 0.13070851845388026, 102.14652263519119, 47.358067578056044, 399.5664841903706, 0.5719190838735997, 0.4964288028982098, 218.98154326606362, 35.26845646184261, 164.52375071190113]"
348.461655506707,13.947826387144012,0.9999804199398052,0.037333040420695074,True,False,"[0.3647483811780609, 0.20539715456514998, 101.90510484619931, 45.03265120631017, 394.90738675365026, 0.5599345169801613, 0.42228216134830304, 223.24448445365917, 33.64300302599643, 159.74518691415403]"
344.97703895163994,13.940543057417841,1.0,0.006865706802552052,True,False,"[0.27305848363802704, 0.21289440176746754, 101.14319191117309, 43.135343848156275, 394.8591985307377, 0.655864224909003, 0.32298484278188844, 222.23962291610277, 27.316033687187446, 156.5179253339464]"
341.52726856212354,13.94554763461218,0.999985346585799,0.5338013077649455,True,False,"[0.20285848433024958, 0.2988066891004932, 104.53334206399109, 44.25537874815113, 399.3177383122891, 0.5743454252614526, 0.4073687674466863, 217.69131748116286, 22.516214595156573, 157.03543209015703]"
338.1119958765023,13.935643226617119,1.0,0.09146830817828433,True,False,"[0.23924111992916075, 0.2703232515857321, 107.79519185251579, 39.76670493377035, 394.973100461561, 0.6520190488285807, 0.35074697682868794, 218.56928047922977, 19.718702232032925, 160.09678437421354]"
334.7308759177373,13.93703539799305,0.9999958409319815,0.43866058137630937,True,False,"[0.25042965216477553, 0.31131334557557755, 104.92331117570231, 41.49454306954854, 391.81892643624786, 0.6697874132183467, 0.31284889268012883, 215.8468888227649, 21.841000794680312, 157.61956859807358]"
331.3835671585599,13.925299380156567,1.0,0.2524989966563882,True,False,"[0.2812640621477716, 0.2581596854219547, 104.86419166381513, 40.55345077640045, 391.5396308892373, 0.6080657113630014, 0.30933510860094654, 210.8970294147189, 23.377096072768456, 154.11038449941805]"
328.0697314869743,13.93917869412033,0.9999576949073724,0.5417898702680999,True,False,"[0.2907186296152147, 0.1829727993372141, 99.90297128031511, 42.456458904394594, 391.26385047718065, 0.6850825094510191, 0.3386347189618557, 213.45057483609688, 19.077352184744672, 158.9754642921897]"
324.78903417210455,13.940828903886889,0.9999949191462744,0.08543377713099931,True,False,"[0.23846256629603813, 0.24469752309271217, 101.12048545422861, 35.77184294930491, 391.9389160353641, 0.673501120743134, 0.30377084902534085, 212.1552054428163, 25.4611233979894, 160.1165131037472]"
321.5411438303835,13.956758794734938,0.9999504589177515,0.14439889205393408,True,False,"[0.20698324115691144, 0.3032033272150685, 98.14705140899056, 31.786668248483622, 395.26250921368916, 0.7439859682913567, 0.2394548636492319, 215.49428266113588, 25.180144278790248, 164.39187196337176]"
318.32573239207966,13.94442471473944,1.0,0.32094270241018874,True,False,"[0.2420576647229036, 0.22584970036078905, 100.78503406071226, 23.457115233612537, 396.17873791882096, 0.8061386466717093, 0.2885074151223117, 220.0539162438083, 27.891574141686057, 165.08146756611666]"
315.14247506815883,13.959983292839791,0.9999506312373794,0.7351491391432461,True,False,"[0.22161611870938197, 0.20547958576762013, 97.09452517563567, 26.382681557385958, 391.7575351093104, 0.86210523386266, 0.22308609629908438, 221.97644838290864, 26.328157448358418, 167.49217818628296]"
311.99105031747723,13.955649983592266,1.0,0.33833135124528246,True,False,"[0.1779456191262453, 0.29282889590524175, 100.982780623983, 25.910605924858373, 392.6992670423267, 0.8407490169089695, 0.23322688810858064, 217.21120677222427, 27.11736098403796, 164.91599815814433]"
308.87113981430247,13.945631231182304,1.0,0.5948319745414821,True,False,"[0.24556924197329477, 0.30291045826419566, 101.64122711714643, 18.152729008299772, 395.8636892130615, 0.7573850587857354, 0.2517651076435364, 217.6087993253061, 24.33355952272356, 167.68717468199196]"
305.78242841615946,13.94279201397067,1.0,0.5205023579571948,True,False,"[0.31855189543484796, 0.35136906586418376, 98.97044606897556, 10.667869088993399, 391.6900340142686, 0.7639209511178895, 0.25069006383154213, 213.88098451146692, 24.67178525915752, 166.5997797994126]"
302.72460413199786,13.991751759471786,0.9998382827629179,0.5833763671797764,True,False,"[0.41521531370976517, 0.3328160094208685, 103.04865493059984, 12.289760316915327, 387.5777279806887, 0.6810680306909513, 0.160848624100431, 210.8954785479981, 17.021595107249915, 170.2135892175585]"
299.6973580906779,13.970931703682739,1.0,0.33118103445465263,True,False,"[0.45353584080727916, 0.30218027155465127, 106.42743551227589, 12.449482572956377, 390.64200815153157, 0.6460034882019962, 0.19603146936715246, 215.4425917220002, 16.598837578494717, 165.4833365341706]"
296.7003845097711,13.986244624048958,0.9999483906121561,0.025023970892366965,True,False,"[0.4586268990391177, 0.3355899784481695, 108.10193787438781, 20.70158622242255, 389.1281517718136, 0.7431398237861293, 0.228250480427552, 213.17058385190808, 23.289332712512103, 164.49074784330722]"
293.73338066467335,13.925624341462301,1.0,0.6609413299901503,True,False,"[0.46808321672638886, 0.2617296741617701, 107.5983653135036, 24.686283099011813, 385.10828402361494, 0.8337056128761794, 0.1710654948205285, 213.28312555209314, 17.71766786478632, 169.02672274235061]"
290.7960468580266,13.975847780217777,0.9998273047295585,0.6298229087737913,True,False,"[0.5515309739974785, 0.25576898638572804, 106.30588956206392, 30.78138823679454, 383.8820010884009, 0.7760481681476153, 0.13404307508232033, 210.12780689864624, 12.734355333434939, 165.17767769216528]"
287.88808638944636,13.985247682355734,0.9999673492960466,0.6483649530811053,True,False,"[0.6014851478880314, 0.27232163694471184, 108.83860497226223, 27.390408180984487, 382.3441029627243, 0.8222112949602148, 0.12035437876459296, 205.15309073991392, 18.65386929388216, 163.91615407764428]"
285.00920552555186,13.993371948052609,0.9999714951315668,0.46716471907998924,True,False,"[0.6885932006892324, 0.3331678543413469, 111.21773109008069, 30.144865560900087, 377.5925694674127, 0.8012457462034421, 0.1152023824337419, 204.97125723794366, 9.455835002623683, 158.96657300317858]"
282.15911347029635,13.994169529375885,0.9999971732963496,0.9655458446176933,True,False,"[0.6304366281160307, 0.3382166977739464, 107.76475406477424, 31.574093021432923, 382.041332209976, 0.8339986296286154, 0.18696508376210924, 204.88743991274765, 5.763783138454531, 158.3114287385829]"
279.3375223355934,13.975063935668983,1.0,0.6868957086551433,True,False,"[0.5970060808827329, 0.33399212072162, 112.33788596845325, 41.35645519821848, 381.8293663022295, 0.8895586015424077, 0.24021802852962196, 209.22636603650363, -3.405395252650867, 162.40110581911355]"
276.54414711223745,14.000343783593753,0.9999085907520908,0.35638753832382475,True,False,"[0.6247427096563826, 0.42645166133963763, 108.25540265517262, 36.1801409405157, 386.29875725139146, 0.905723603408814, 0.176690342752517, 207.11886564755892, 1.9905666274630098, 161.52119030069085]"
273.7787056411151,13.969148169666429,1.0,0.29643245756078396,True,False,"[0.5623092528746169, 0.5188464752879347, 111.58250512441134, 32.36014379963081, 382.40597556158434, 0.8432640144346019, 0.2359605000794016, 205.69940061858935, 1.2886056471830818, 159.19362195507512]"
271.04091858470395,13.982773579656127,0.9999497305883285,0.5254596501303953,True,False,"[0.6475684869439147, 0.4260770126840415, 111.86423650806218, 30.599525481992664, 378.084283876803, 0.756972654955832, 0.26736845874097487, 205.55245315582846, 9.00569120095495, 160.44480041038926]"
268.3305093988569,13.967433266602873,1.0,0.8507347170252181,True,False,"[0.6149462319060071, 0.39043479442561013, 116.28024360045089, 32.80037130162895, 374.8929868977336, 0.7494275049619779, 0.2467982216678878, 209.3710755795281, 13.43406619657273, 165.36743183637182]"
265.64720430486835,13.984863714852795,0.9999343871264958,0.8492242028978098,True,False,"[0.6875310162657352, 0.3648636643993216, 120.0254292058773, 31.860607189536793, 378.23011658346326, 0.7950902890249913, 0.18213932509414257, 212.39353061019935, 9.804474553066406, 161.56887246894925]"
262.9907322618197,13.991189128523649,0.9999759484391404,0.9252275985991752,True,False,"[0.7774162101359887, 0.44849810605637297, 123.89203301898493, 28.97621628745243, 382.3580282327575, 0.7426472878798125, 0.21796864709127453, 216.59380344777728, 5.343117207274951, 161.2815217478778]"
260.3608249392015,13.982425163760489,1.0,0.5197936206982376,True,False,"[0.6858442852992626, 0.48177677295219073, 123.27254560930055, 27.551948227585697, 377.6715154588817, 0.7516048766028252, 0.20682564414540575, 215.65789918940504, 15.192994244248627, 166.07093590452092]"
257.75721668980947,13.988549877180196,0.999976238722886,0.24038899226084065,True,False,"[0.6492550450966597, 0.504937314770263, 120.29295394479759, 37.26539312577597, 375.84646214963544, 0.7213647549866612, 0.2515864573321426, 210.92114986852133, 11.709150232045728, 170.26398214310802]"
255.17964452291136,13.978304646062197,1.0,0.3446259904104091,True,False,"[0.6679394649396897, 0.5763600486287292, 123.73212498289428, 30.421534301435806, 376.1770114959309, 0.770035351695121, 0.2593994729976038, 213.82276862121344, 18.770963906999846, 169.95097643412862]"
252.62784807768224,13.92575009907185,1.0,0.673271542246246,True,False,"[0.7625700775817974, 0.616044591218979, 127.8211151395082, 26.912498035790165, 376.4570612642165, 0.7562381713528933, 0.17286510139660877, 213.880659509085, 21.402449714758486, 165.47461451834]"
250.10156959690542,13.917002933671831,1.0,0.7799459809700418,True,False,"[0.7286935690348838, 0.644159325634265, 128.2712921424247, 36.89783112283487, 377.1146001096087, 0.7742116106944973, 0.221832689004077, 209.7268581398552, 18.520206883775348, 160.95481768676004]"
247.60055390093638,13.895475571940967,1.0,0.00025634010856379064,True,False,"[0.6642368303667207, 0.6905533856607577, 132.79414319602944, 35.664501631646935, 373.30755589052836, 0.8410197721110344, 0.3022095652314983, 209.53881514352793, 24.942060907371634, 163.26124665624693]"
245.124548361927,13.892138927773994,1.0,0.7835142149061773,True,False,"[0.6342778467926885, 0.6804902706910774, 133.50927652645188, 36.84637014799471, 368.59207157553175, 0.8431991266648508, 0.21603883235544455, 213.92480552135567, 28.05303018672337, 164.85345853965606]"
242.67330287830774,13.879807000906665,1.0,0.7676145973507466,True,False,"[0.5738168818760525, 0.6811425773635968, 136.41501688815964, 37.165008690540446, 368.3454384348186, 0.7519340140263682, 0.2104542126498759, 211.92590219835276, 30.18893852580175, 165.5378556147859]"
240.24656984952466,13.8839182983025,0.9999828873218849,0.25972762124370075,True,False,"[0.5614351048851159, 0.67463150028132, 132.07833086927965, 39.156421489816445, 363.9219640192111, 0.8033927505115025, 0.1858939385451617, 211.40887753088006, 29.05354255134788, 166.31256371318196]"
237.8441041510294,13.878668686524602,1.0,0.6201169652121773,True,False,"[0.5788923244227925, 0.7405073668163001, 127.4760440494183, 46.316426191663325, 359.2149997261244, 0.7662771073050325, 0.24217667031495824, 208.26540924463364, 26.460790331787543, 167.45854116485611]"
235.4656631095191,13.877364205083001,1.0,0.3636084842682662,True,False,"[0.574932333267251, 0.7437236199802256, 123.75745668031794, 42.714335323756345, 356.7378480549988, 0.7317004859613033, 0.2081214335609604, 209.60962484240352, 33.67966969684772, 164.74263042694088]"
233.11100647842392,13.882491651525346,0.9999780045132606,0.1672478318075562,True,False,"[0.5871732309935429, 0.7528161523202833, 125.16581295579726, 39.749436179378776, 356.01683487002646, 0.6909189700681384, 0.18534529788478157, 210.94450264881513, 34.965455004530995, 161.9743265978694]"
230.77989641363968,13.892849444212896,0.9999551193131883,0.9709767241570998,True,False,"[0.635694123752701, 0.6648686353810892, 129.6027913947622, 34.90097983092237, 352.1573224321802, 0.6714294930108121, 0.24328160421107484, 208.4172121121807, 30.572630759282315, 159.90810204634187]"
228.47209744950328,13.889640678467813,1.0,0.27152640037242526,True,False,"[0.6658745581745382, 0.7584172396893986, 133.9638979874087, 30.804248636770158, 353.33940824709833, 0.5898235889009862, 0.17028838066599367, 203.79534755285272, 35.17964653023373, 155.39520228539953]"
226.18737647500825,13.86992420406974,1.0,0.9300942588281487,True,False,"[0.6676121555432152, 0.7626778098645008, 138.59492288569706, 40.501659502360994, 353.56381482176755, 0.6890140544379051, 0.12726401883390107, 203.83582507220433, 35.49504163312239, 150.73931735191235]"
223.92550271025817,13.862572507899785,1.0,0.5093481476971462,True,False,"[0.6726667331361652, 0.8511092033918534, 136.81839351288653, 48.59499181956033, 356.1551477992767, 0.6170949764260308, 0.15826651721776622, 198.91714160514297, 41.683208704319696, 147.4349311043434]"
221.68624768315559,13.843905934308344,1.0,0.2134089972527352,True,False,"[0.5825758308157654, 0.7619638433243896, 133.66835212818734, 46.463636002907364, 353.0701053163891, 0.6798950193851016, 0.11477854999086559, 197.27187934351926, 35.11692870076366, 147.30789941027635]"
219.46938520632403,13.872385973732134,0.9998702407099641,0.08928993060819046,True,False,"[0.6551677184400369, 0.664903148612759, 136.84666454672964, 37.13448819202671, 351.81806639879073, 0.6294861408624481, 0.13337188703853187, 194.85018394283833, 34.66095866487487, 151.26845382757637]"
217.2746913542608,13.865333388757895,1.0,0.22688390899019595,True,False,"[0.5734526686914909, 0.6997031583573409, 140.21273025132479, 46.043759504337295, 356.3558006311316, 0.5360384874504456, 0.2306265814374019, 190.86303926647543, 31.47559917878958, 156.121501970819]"
215.1019444407182,13.869690477102555,0.9999797442825175,0.7425225619246146,True,False,"[0.6454425789691878, 0.6764651187449806, 143.71680651472929, 50.41809046015735, 357.9896866938209, 0.6072807226699524, 0.14870286296815516, 189.0603513085601, 23.518473624992957, 154.88018212878129]"
212.95092499631102,13.867971605524257,1.0,0.10552741261408871,True,False,"[0.6301794759223769, 0.655019631686244, 143.93175275800382, 50.47807439092444, 358.8600774929233, 0.6928357042150872, 0.1481642336458935, 188.24816082101248, 28.457139669561407, 155.5194759161816]"
210.8214157463479,13.877653103800982,0.9999540783086701,0.9923357780800472,True,False,"[0.6344787342899039, 0.6569592994941049, 148.86636411281867, 56.48608906198938, 360.8484277002206, 0.7236363906062928, 0.12222890401459256, 189.30525178660162, 19.789220486624117, 154.83944252486182]"
208.7132015888844,13.889652243048797,0.9999425106114919,0.8874059303051344,True,False,"[0.7313896674357887, 0.7017236861749955, 148.9150667875722, 59.452646932604765, 356.29951909128835, 0.6831391505920393, 0.1716567028424773, 192.2495734596899, 24.267167699412166, 151.64067152744246]"
206.62606957299556,13.882360739943422,1.0,0.04205709593995122,True,False,"[0.6957017358524648, 0.6325537320031007, 148.02973844341216, 62.91375675119901, 359.1947907864852, 0.6538282272611573, 0.23020648070964184, 195.51136583854438, 28.43399187342566, 150.1923983259857]"
204.5598088772656,13.901914156712946,0.9999044167944191,0.7057279407659903,True,False,"[0.7408264148195861, 0.5941083273412144, 143.64563544069478, 59.90711163466462, 356.6897483459476, 0.6861465999701718, 0.19871040039785776, 193.92399131505545, 18.4726108858912, 145.98276089839274]"
202.51421078849293,13.878510693079694,1.0,0.5815891380510303,True,False,"[0.6464575250872813, 0.5607168100970079, 146.73619121383084, 65.11644809187472, 355.02517728518256, 0.6493519059643962, 0.1512276978456144, 191.6973297155774, 11.328657454050283, 146.77540724431142]"
200.489068680608,13.881066803902947,0.9999872507037629,0.8057864270103445,True,False,"[0.6866230941237611, 0.6139462485983808, 150.51174887188185, 60.81810401805797, 352.4817681076571, 0.6722035154241347, 0.2157128403750513, 194.07874636551236, 4.397221884503974, 150.4963351979324]"
198.48417799380192,13.935168641245312,0.9997274620821006,0.35229033995241765,True,False,"[0.6618909669316798, 0.5667594919833634, 152.34918932368888, 67.1503429837078, 349.4871656385637, 0.6993872759883595, 0.24957444612924792, 193.84166038451283, 4.366144820955206, 152.6101345072859]"
196.4993362138639,13.870758675992167,1.0,0.2179359618487714,True,False,"[0.6446502824048549, 0.6610578465593584, 152.89271627922716, 70.17407944045776, 349.6447624297153, 0.6912223775748848, 0.2639877700580587, 190.42909754023717, 6.712392362687014, 149.97055350541936]"
194.53434285172526,13.921339470553566,0.9997400242104089,0.20301245815040747,True,False,"[0.6252050548543575, 0.6588907007932636, 157.3067953885121, 74.72556810050241, 345.46322435275937, 0.7145076166091823, 0.346080952285243, 187.443097829533, 9.23084986150664, 153.36969108432706]"
192.588999423208,13.844948246365476,1.0,0.10742710478577744,True,False,"[0.5578862590041971, 0.751806278156041, 158.7229228427456, 78.80325810543059, 349.58487741860534, 0.6532873726081309, 0.40195503763870766, 186.77685048628777, 3.680670182871432, 157.37835055052415]"
190.66310942897593,13.819011577572883,1.0,0.7130622704272234,True,False,"[0.5104897308455532, 0.8047885352389466, 158.33108130586226, 70.49327713363712, 345.7442780105301, 0.5897329359724329, 0.4335441272639134, 183.07948913570846, 11.233664580554642, 158.03376485000285]"
188.75647833468616,13.82753920610475,0.9999548230822081,0.924344437534191,True,False,"[0.4157758363037105, 0.7662491388781695, 162.71195448172034, 73.56589500586168, 347.1406290374794, 0.6174798060524439, 0.34625195983070217, 181.6250304085035, 13.31035753010901, 153.60481992139395]"
186.8689135513393,13.838091125493758,0.9999435346346448,0.6201518130795775,True,False,"[0.44629887621652675, 0.8137408335011984, 165.14741187742996, 76.51894660388837, 352.09173601201326, 0.6117136415473147, 0.2553747022323824, 178.83351176897935, 4.733470687569993, 157.55530140616418]"
185.0002244158259,13.822958682863726,1.0,0.684573783864477,True,False,"[0.39404246626330625, 0.7822878345344016, 169.31648517729997, 78.56562642080675, 349.8988043695837, 0.5875216058957226, 0.3406876838180745, 174.32641647166042, 1.539120197334082, 156.67374996359618]"
183.15022217166765,13.903923715587293,0.9995580287136119,0.5366096661971671,True,False,"[0.45546259901285335, 0.7246636687794951, 168.40917302763333, 84.22058324247317, 350.2025817647127, 0.5858985424015372, 0.4189423544620784, 174.7805865009754, -5.504617976274442, 158.07776499418853]"
181.31871994995097,13.907891817195736,0.9999781155625324,0.33132731743755695,True,False,"[0.5094052618520478, 0.7039732745171458, 169.4288913485714, 81.91265405969006, 347.04833435087886, 0.5294546882040306, 0.4909096102401662, 170.38654786627148, -12.069867128642581, 159.41024189899383]"
179.50553275045147,13.915901205681447,0.9999553818220558,0.027452049899686193,True,False,"[0.6018043702003036, 0.7022021661428145, 167.4901174969585, 74.28464047585777, 349.52881232079795, 0.458158901634661, 0.4899639142948111, 174.51642410955108, -4.970623306072895, 161.8770384583593]"
177.71047742294695,13.844814184899667,1.0,0.31823787782713664,True,False,"[0.6135775428069095, 0.7730819891843648, 164.67863751478222, 75.20146597545585, 345.52086983530404, 0.5266802661968083, 0.40318597052578126, 177.36552451533356, 0.3096060055193117, 159.0524451718598]"
175.9333726487175,13.918387358216606,0.9995818997234267,0.28285117643103375,True,False,"[0.7022967048052862, 0.6797327447347589, 162.0533705816197, 80.12065065788191, 343.38408637979495, 0.45398662788959804, 0.4987748393803393, 180.32663459959565, -0.34928849207223855, 154.56523458139952]"
174.17403892223032,13.926840733096169,0.9999514671084345,0.5786682574472409,True,False,"[0.6354988547687541, 0.6758104000614207, 158.98776542916738, 88.37656850960008, 345.50720492591665, 0.4555841627809084, 0.5188418102722047, 179.49882198673737, 4.39276758535288, 158.92399359690066]"
172.432298533008,13.90241176809802,1.0,0.37456638734411984,True,False,"[0.5850297140488179, 0.7352434435639597, 162.90260353315531, 85.04910296137682, 343.61950100459995, 0.4819885890244611, 0.5853160709542883, 183.29251148554425, 6.5122958354519, 163.58824839443747]"
170.70797554767793,13.887299940085741,1.0,0.5184109032118256,True,False,"[0.680486592360312, 0.8174009804447587, 160.86691733769317, 90.44932320191641, 341.5057690086073, 0.4166548474665449, 0.49549063638869234, 181.03345122372863, 0.9671817366819919, 161.43592863792372]"
169.00089579220116,13.852517720769097,1.0,0.25054649939784346,True,False,"[0.6245887391514042, 0.8059071706816499, 157.85000935807926, 85.08476082389798, 344.07378207477973, 0.3279538931496475, 0.4142408065801341, 182.75701346924524, -2.7541072933148847, 159.0539895617992]"
167.31088683427916,13.850711454744989,1.0,0.3265592588629672,True,False,"[0.621477816821967, 0.7915860408470067, 161.35384363250913, 86.81403294596981, 340.65581375217397, 0.3727073014589605, 0.4961698788936829, 185.78097933722154, 3.595519094253426, 156.20640986818537]"
165.63777796593638,13.891476499166384,0.9997539206997377,0.984084095181018,True,False,"[0.6956564104033479, 0.8890521166820734, 165.1489697388066, 88.97678483997716, 343.5369385112724, 0.42360284641986956, 0.4653814485399837, 184.77166623272038, -5.61617905377447, 154.4326213210014]"
163.98140018627703,13.896858394082605,0.9999671803839109,0.16767694850112447,True,False,"[0.7110577897419806, 0.821392349243889, 162.13395566326707, 85.183212074033, 339.89913778941235, 0.3662970180711436, 0.4258853572422482, 188.77590721023677, -11.966617408272535, 156.87593706365743]"
162.34158618441427,13.852698058737914,1.0,0.33409790618210944,True,False,"[0.6369930258944098, 0.8052854353875926, 157.4474194421379, 82.1168534513955, 344.4138187721624, 0.27340161249657485, 0.342879435791775, 184.1977301148942, -9.372920947676018, 155.0001187289384]"
160.71817032257013,13.822730558272188,1.0,0.5908222848224206,True,False,"[0.5994459771777229, 0.872819977897828, 153.00836172931176, 86.7774322912262, 347.04278646075306, 0.23555611444728602, 0.3734571747410833, 183.95201124682177, -9.07448928246208, 159.7879205622347]"
159.11098861934443,13.832424318566488,0.9999390773378346,0.4179900010079325,True,False,"[0.5060838197419794, 0.7809431659889668, 154.35742112422355, 91.72531462538421, 344.60346868757443, 0.23844388809259998, 0.35665412450115563, 181.84622820450173, -4.499676477551999, 158.85334634175328]"
157.519878733151,13.830212430483268,1.0,0.47794118918471185,True,False,"[0.4148614956327328, 0.8139569397053424, 155.31636324835998, 94.24566439323165, 342.3575210393985, 0.24790819353591503, 0.3963366868153206, 180.8248635432558, 3.861736811055371, 161.8171073838999]"
155.94467994581947,13.88087147003863,0.9996752001280022,0.8088847997136127,True,False,"[0.34485615946025266, 0.8467285509886875, 154.05306730963588, 92.11516960819125, 341.8374074579931, 0.1623314524883162, 0.3387315492642169, 185.7236426486931, -1.2722947543623695, 163.9872299691198]"
154.3852331463613,13.891489558426192,0.9999312257847357,0.060172686387155006,True,False,"[0.27407312823766966, 0.8255202244920378, 157.3204071191645, 98.49753667452202, 340.37856036072526, 0.25047932333387346, 0.39305441912163164, 190.3654300810578, 4.403829812000006, 159.21452378291758]"
152.84138081489766,13.925456657834332,0.9997777871076303,0.11976989599913734,True,False,"[0.22538363781126564, 0.8496624727751169, 156.9649045764419, 90.5762883563294, 337.1143647064278, 0.2357820241109326, 0.34756447613795893, 191.93963490647215, 11.247308666979823, 161.8712140030979]"
151.3129670067487,13.921747499854867,1.0,0.953648428210675,True,False,"[0.22687719426860686, 0.7925827866262075, 154.08393447601918, 94.36236523804052, 334.1847488063823, 0.19343721590282176, 0.43609556913927183, 191.34369149984695, 19.57716040137202, 166.16853819319746]"
149.7998373366812,13.936306494284363,0.9999028150682976,0.4906161103094767,True,False,"[0.22481550222004526, 0.8453079586496949, 158.67787633339162, 97.95227464339261, 331.64672427780647, 0.1053107721375052, 0.35687921824801166, 189.41626703557702, 21.898295046409196, 161.1969503127352]"
148.3018389633144,13.878478082253402,1.0,0.8672601249172994,True,False,"[0.2946968664365494, 0.8015113313983864, 162.02901492668485, 101.85119443891173, 336.15426101137905, 0.17714685899431598, 0.27860022582464006, 187.61419382866998, 12.177086775152993, 164.07299619008455]"
146.81882057368125,13.855287246930388,1.0,0.1999725244028958,True,False,"[0.3885411416724161, 0.7668824948544996, 159.71555989272628, 103.8804571520328, 332.3499047740825, 0.24235457476959313, 0.30615954389817557, 188.96037011114313, 15.77797767586355, 164.5860215006781]"
145.35063236794443,13.856215897236584,0.9999936109852122,0.2614002199854625,True,False,"[0.487390662418588, 0.7573370827320983, 157.82464541459777, 99.63152052112005, 331.7221152690464, 0.2684929866895108, 0.3498761139534168, 189.64986325652274, 15.536298282324696, 162.23084165415992]"
143.89712604426498,13.864805417123161,0.9999403096937054,0.10019757254383443,True,False,"[0.5800780917642288, 0.73175799378884, 155.60197825807305, 100.78011638884968, 335.88042187940334, 0.2287791518165852, 0.25984453813869923, 190.12675343210188, 16.02365394530183, 159.77770938937766]"
142.45815478382232,13.862929401208318,1.0,0.7540597973531016,True,False,"[0.6119184469905683, 0.7870611682691887, 160.1714876952675, 108.26065077005725, 333.4083837537075, 0.21362762052487333, 0.1755087652303099, 190.17217413049065, 7.665547280849529, 159.4374070480549]"
141.0335732359841,13.849303831992966,1.0,0.6111316788364838,True,False,"[0.56554453827745, 0.785304868553388, 158.49096232161853, 113.21073665812226, 329.478274510555, 0.2123805687113429, 0.20527756538025702, 187.1611036636748, -1.731058273597947, 155.5061930354626]"
139.62323750362427,13.850386333579753,0.9999922470112438,0.11205005111183586,True,False,"[0.5685926359940313, 0.7867904285511395, 161.1912611471691, 118.04728390506114, 328.106124007241, 0.20204680694679028, 0.13361027978043577, 190.72581675415435, -8.072701033137575, 154.08946332906956]"
138.22700512858802,13.860641571588461,0.9999258114752325,0.30229245888859824,True,False,"[0.6179016126149107, 0.8457740309856463, 156.25089973322505, 115.97102476288941, 332.92536885699445, 0.18902796015887324, 0.17860409353633422, 190.6859801557304, -15.010740377625577, 157.98957642703647]"
136.84473507730215,13.8382997974548,1.0,0.3117116590655268,True,False,"[0.532096499908633, 0.824874365479371, 153.60760218690422, 118.11132848457532, 335.5541226286505, 0.12727704999445932, 0.2627258874450683, 194.08391881419612, -5.411278227261736, 158.4812896850308]"
135.47628772652914,13.882543331912462,0.9996734756206379,0.7438954883094326,True,False,"[0.6057345173687191, 0.7535749826220591, 155.1119806497043, 119.96582780331727, 339.9501048287284, 0.1532017623894649, 0.27253380822410184, 193.3315154654009, -8.315324080446832, 158.50574634167776]"
134.12152484926384,13.881330144063774,1.0,0.7425071734961851,True,False,"[0.5621251901105864, 0.7001914510825373, 157.35242961150183, 119.3627093146786, 339.6732375866237, 0.18567986644863113, 0.27011406680484107, 193.9971077713525, -12.282450563391858, 160.3465514245549]"
132.7803096007712,13.887459977246067,0.9999538358382328,0.6888645940832971,True,False,"[0.5749880165539262, 0.6737069170076195, 159.22544182135175, 121.65772212889215, 343.6244274349833, 0.18525992123994633, 0.33126241878144014, 194.78990050963452, -7.788727192264352, 160.67958002464593]"
131.45250650476348,13.900418864899077,0.9999014225802139,0.6605960593115489,True,False,"[0.6673305470905788, 0.7438405619196152, 161.84955413804406, 119.2560056536978, 347.8538971094035, 0.2813703288418519, 0.3727450008481862, 194.51916773688913, -7.651034241187995, 157.2154614634732]"
130.13798143971584,13.90620205275091,0.999955562094244,0.5868673617518595,True,False,"[0.7001203236266484, 0.791539321967541, 163.78066813184338, 113.6018033302799, 345.4644796818692, 0.24906799136566432, 0.4429306786103464, 199.4926487342262, -0.1632526942833099, 159.22082427781206]"
128.83660162531868,13.916603884060223,0.9999192666425142,0.7595662594232623,True,False,"[0.7296999736179429, 0.727416050462286, 166.70466728075615, 119.0839118395736, 348.40085182462303, 0.34706854858658076, 0.3551259258149587, 195.80310209578582, -6.569753470531461, 163.79375918796504]"
127.54823560906549,13.90683184354232,1.0,0.027547251090198732,True,False,"[0.6981607401556462, 0.8091844316346243, 167.55497872475482, 118.61487074396499, 348.5268118019973, 0.33485636505558836, 0.2896755815122091, 195.20220478480357, -12.908124537667288, 161.99249955533048]"
126.27275325297482,13.869444777156174,1.0,0.2682740823634763,True,False,"[0.6394319838168222, 0.847603983324067, 169.31231578575864, 117.40202174556612, 353.41079346631346, 0.34685985419112203, 0.22134178011194358, 198.95184955753763, -4.3688472589091205, 162.49521080951314]"
125.01002572044507,13.871901783270289,0.9999803457206369,0.7941813725316067,True,False,"[0.5479762791605638, 0.7502605729021734, 173.91247023376692, 125.72368661216223, 350.3864429582453, 0.28971228088371925, 0.20484401225755894, 201.50758966342536, 2.612259028870362, 163.97960104930908]"
123.75992546324062,13.841506182692768,1.0,0.21294287837074422,True,False,"[0.5574640397091806, 0.808924983260607, 169.033773246254, 115.77949508066857, 347.24220673520955, 0.18975092058261372, 0.13011182268152743, 198.7939854045202, -7.003383883659364, 162.23119661685186]"
122.5223262086082,13.86873167667764,0.9997778162545217,0.7861626577322465,True,False,"[0.4678315030684754, 0.7138380692649906, 165.8936708349942, 118.68188882232721, 348.0925091146291, 0.25186663520766106, 0.19247611044076607, 200.10842131890877, -16.743036345118128, 165.23581114090487]"
121.29710294652212,13.865073046560907,1.0,0.5798767281812274,True,False,"[0.4278644232068399, 0.7470167275613531, 169.97170202660143, 122.18197559770928, 344.6038750858671, 0.27009573435470224, 0.2333538371393986, 204.5782757784525, -25.57024986917385, 170.0744201739244]"
120.0841319170569,13.859161119346572,1.0,0.2599563799761666,True,False,"[0.48614601522233075, 0.7607632223793626, 167.3019433141684, 122.21760755711412, 342.250628764131, 0.21982790513505118, 0.1438885733106525, 206.81722221333885, -19.274183083272483, 166.3382431257921]"
118.88329059788633,13.87683955710617,0.9998513069136344,0.3695303362435576,True,False,"[0.5145465500800688, 0.68373335679884, 170.50505402833764, 117.3313640021816, 339.05205209364055, 0.28451569962997064, 0.19786149677345505, 211.16359881024746, -26.849791314141772, 165.6464042356751]"
117.69445769190746,13.878325824428693,0.9999873718952678,0.3322560529473104,True,False,"[0.5699578020003239, 0.6494706152239041, 174.56922221838377, 116.04837288810317, 342.5026648104362, 0.208818845204073, 0.2502675572144131, 213.41168204688526, -33.17862437135969, 161.15326426471393]"
116.51751311498839,13.878916146862068,0.9999949336290983,0.4628291998103726,True,False,"[0.5569335709247422, 0.7047669788218319, 173.49887530981414, 112.85518797631562, 345.8354111309401, 0.1994396393808503, 0.33687890292830147, 218.22398593817468, -38.761919405455686, 161.97392106673345]"
115.35233798383851,13.911297267880144,0.9997193244881075,0.9255486113214626,True,False,"[0.5178487947770206, 0.6144384943616773, 172.67105695749441, 103.85509793064256, 344.18086950528635, 0.2007200041290039, 0.42060116658909763, 215.4135026762645, -39.81876087490056, 160.42669884231861]"
114.19881460400012,13.872801124889342,1.0,0.27422700646289155,True,False,"[0.6123103345233045, 0.6051583818557992, 172.53475229558066, 96.31031065756852, 343.20551266586153, 0.1337470319482142, 0.4929155682448446, 216.47290973297262, -48.84060288508102, 162.75845990747464]"
113.05682645796011,13.87216954722728,1.0,0.8105214644852241,True,False,"[0.5525281868790475, 0.5906576937340939, 168.5189821347491, 94.13861429134035, 340.8753204811564, 0.13196193422476923, 0.4964870659271008, 215.4352946135742, -39.348597955374146, 162.81244532606783]"
111.9262581933805,13.900317126290764,0.9997485483702205,0.7228523058420648,True,False,"[0.5812883086308368, 0.5462452479858724, 172.21308684205943, 99.96051878800296, 338.8431596169006, 0.13378743466364212, 0.45904779938369217, 214.71705227629087, -46.1162780773406, 163.56427070869523]"
110.8069956114467,13.925020105779904,0.9997770878458228,0.8779669458857889,True,False,"[0.5666443817628376, 0.5422199664713349, 175.5970982433663, 92.59091205073611, 337.38174779817837, 0.13384112008213153, 0.5498441922366596, 214.2111208775116, -51.012865688854376, 162.5384263510049]"
109.69892565533223,13.858850533179112,1.0,0.9895555456127227,True,False,"[0.5987261688415381, 0.6230922103284717, 178.92083552180048, 86.30457237435247, 335.57359959634505, 0.10219286943026737, 0.47207167360620966, 212.394094733065, -53.20025017692542, 161.60640139906167]"
108.6019363987789,13.851762196919328,1.0,0.8513942050409312,True,False,"[0.5893264774979244, 0.6709024551682536, 183.42394843370386, 92.14615962785281, 331.4223128969353, 0.11264468214623125, 0.4394846546182383, 211.01394636649005, -46.87059963631626, 156.74571576552773]"
107.51591703479112,13.875081287616403,0.9997831338587986,0.8963207008877833,True,False,"[0.6777004430144588, 0.7184130789485766, 183.34130777639473, 82.70677192879668, 326.4740533192664, 0.18888917672886216, 0.44511719575658804, 213.23627093874455, -46.005771333520144, 161.04139796034266]"
106.4407578644432,13.828686887260272,1.0,0.8083696895225206,True,False,"[0.6077919175296103, 0.8075628373325199, 184.3929969828632, 81.2235521877345, 329.89443154393155, 0.1689685120574683, 0.36133860333147133, 210.6392027810127, -54.90348920903264, 158.5880856365425]"
105.37635028579876,13.832272417595098,0.9999659746297413,0.5780510199020563,True,False,"[0.5531639416429815, 0.7245469775379576, 186.2541982950778, 87.47829608337614, 330.9258731282369, 0.1607540585328619, 0.37303090139429973, 214.41273223436534, -63.7586490482589, 156.73195974405138]"
104.32258678294077,13.840640960788566,0.9999197852755876,0.370527112559104,True,False,"[0.6415849940656292, 0.8008762098603317, 189.98972372276893, 78.92729973996221, 328.55407446598093, 0.22720239750274354, 0.4080698412589007, 215.47517207160385, -56.228577408550436, 159.2917569662791]"
103.27936091511137,13.880101937561582,0.9996179929972577,0.5469365318345406,True,False,"[0.7166209302490552, 0.855731267620875, 191.59988788179928, 86.11622510545708, 329.68625261133906, 0.14706615761990177, 0.3242681433650661, 218.85574553448484, -61.650714943483266, 156.65185590365462]"
102.24656730596026,13.90593216674066,0.9997474050481158,0.9188615704556286,True,False,"[0.7099772672981054, 0.9169273415480844, 188.95934003886055, 81.09105596831331, 332.31018822482554, 0.15386897432844562, 0.2955448585306032, 218.0727224433409, -62.015331247133695, 156.9403911885211]"
101.22410163290066,13.840096353880567,1.0,0.0025028851727669776,True,False,"[0.65160279219384, 0.8426241118238554, 186.03066463559878, 83.58283715682151, 335.7442717524114, 0.13235239700765924, 0.26404756043204203, 214.96167472011587, -67.06317933504953, 160.9809602824368]"
100.21186061657164,13.897578554027334,0.9994265577262433,0.19082316892901297,True,False,"[0.749720778415298, 0.857928748528433, 189.54129947489776, 82.39125756509777, 335.7183467152433, 0.21032754411055596, 0.2524072885492913, 212.21912520097968, -61.54005980641924, 159.92633378465658]"
99.20974201040592,13.877893218064985,1.0,0.1813848946886092,True,False,"[0.7211446544394132, 0.7912791645311366, 188.27646707690158, 78.98061242047639, 335.7662828319437, 0.19297042563792266, 0.2340864614687091, 214.77919484755844, -60.93189537667799, 162.23668616738448]"
98.21764459030186,13.86032417447727,1.0,0.6341769685441655,True,False,"[0.6821836183273662, 0.6957981017286241, 190.02352944816008, 71.61184783054885, 330.85383531561047, 0.14624349762236605, 0.26226756964114706, 219.44294238133944, -60.60602909165909, 163.59145666036576]"
97.23546814439884,13.848155621879044,1.0,0.8974633593366376,True,False,"[0.6045433743324197, 0.7095373984279876, 190.20582504721946, 69.86252831473521, 328.30613529772506, 0.1403463440599211, 0.22767470545174567, 217.88746668900498, -58.21861855325052, 166.95952566186355]"
96.26311346295485,13.838946059727007,1.0,0.9283970432177603,True,False,"[0.5544276971548924, 0.6714042461183773, 193.65847356063333, 71.78521975258396, 331.37060641953536, 0.23195097156854744, 0.2760781483661765, 215.841935063425, -67.9687653321474, 163.77149920727996]"
95.3004823283253,13.87734165379371,0.9995971913303009,0.2691466652886185,True,False,"[0.5592210058472067, 0.6056586064712175, 191.22583042871074, 75.5326852241164, 330.7340132190359, 0.27688510704276453, 0.3490542543993958, 212.79558723266413, -62.82983427453374, 163.03191117874977]"
94.34747750504205,13.857847942060403,1.0,0.669943887135349,True,False,"[0.64362012775111, 0.5847292563750685, 188.99194009151734, 81.22463313335024, 332.15231390248414, 0.2637461214220226, 0.2609032626032339, 216.18433245169467, -57.92335631381954, 159.05953518847008]"
93.40400272999163,13.85917447619072,0.9999857979886108,0.9821977472651449,True,False,"[0.6702351519614307, 0.5481127733800017, 192.0295796840442, 87.89889425220585, 332.3015358940543, 0.25020604003131114, 0.19500526848450572, 216.22991865425308, -64.51933444761733, 160.52797203077296]"
92.46996270269172,13.859647607737022,0.9999948834159541,0.2732915779074919,True,False,"[0.5854544504136441, 0.5195093035450254, 189.3109912283502, 82.69080581640296, 334.7303954087601, 0.32074322040460623, 0.16350399974592186, 219.9701544339915, -60.20127722511586, 159.57711637431592]"
91.54526307566479,13.885251870559292,0.9997203494569542,0.4126593145063552,True,False,"[0.6051565385300314, 0.5279862063393045, 187.79660733420226, 82.99411547933356, 334.2906256946135, 0.3810312147057926, 0.13949552384781383, 216.9730442010993, -54.85559319737696, 155.7709609709232]"
90.62981044490814,13.850097933496384,1.0,0.820341887613133,True,False,"[0.5968347328252662, 0.5990720042881477, 192.1012062697071, 77.37381142915727, 331.3494360368306, 0.3121420780691858, 0.14414928021772813, 221.50891595542961, -53.1843967634623, 151.96871853570786]"
89.72351234045907,13.877010581831737,0.9997000940801312,0.3391834113373239,True,False,"[0.5430399733287514, 0.5065674912041187, 191.68622216897478, 76.57064344677562, 329.93664235489723, 0.3477400216820799, 0.18609403869278782, 218.53195240069368, -58.13968875680705, 152.29773307614886]"
88.82627721705448,13.909860687189926,0.9996302441940125,0.1743265300061777,True,False,"[0.6012239497035279, 0.45301414266231216, 195.15001249919715, 80.99732000724006, 332.8302852871342, 0.2900424739912947, 0.21907782049255048, 222.0966604017934, -65.22720406796671, 154.57167085517602]"
87.93801444488393,13.921601975197895,0.9998664911383133,0.5125605858814855,True,False,"[0.5252690047893761, 0.45573863415086113, 192.81142829191506, 90.65960773065993, 328.41474598495455, 0.3440840447651412, 0.3190283295732287, 220.9783239613635, -72.25185835988914, 149.7615456453875]"
87.05863430043509,13.923819746002179,0.9999745258747268,0.7213221792981833,True,False,"[0.4498369656635899, 0.42342057146674367, 188.93849303455306, 96.23984415758534, 329.6093210726931, 0.31544715406457896, 0.2261713441306772, 218.57175340615325, -70.93900899067938, 146.12742233293048]"
86.18804795743074,13.91845060425904,1.0,0.7166281951708842,True,False,"[0.5202018234368697, 0.3789254085632162, 185.26884007406068, 90.56145686031063, 326.01359643254926, 0.40939767461877374, 0.2311358918343193, 217.57900049061183, -72.20087777560448, 141.36343691146874]"
85.32616747785643,13.908728282685484,1.0,0.8469084306085933,True,False,"[0.5621604409946916, 0.4769952918804887, 182.5706461364741, 85.55589432750347, 321.9353623592794, 0.38655719692763946, 0.32020754751757874, 218.29398506249555, -70.64184206503151, 140.8983235855591]"
84.47290580307786,13.918613576437439,0.9998829835995819,0.23120414730966,True,False,"[0.4755876942115242, 0.5674850825502955, 179.88447848855702, 94.55882706844322, 319.8650080130229, 0.307184134241404, 0.3134271378453115, 214.11265629415135, -64.02638113596325, 138.19558220471612]"
83.62817674504709,13.920687092517788,0.9999752058402395,0.8612214483792462,True,False,"[0.47858365100542377, 0.5703993398621763, 180.03506845638964, 91.57484306962294, 324.1857334211976, 0.3235535506470156, 0.36279639704910094, 217.3897425658833, -66.6314164941221, 143.03189357041114]"
82.79189497759661,13.916956977471953,1.0,0.3656744630090796,True,False,"[0.4726709916461683, 0.5495727578852092, 179.5706018915692, 99.1823362267809, 321.57612543555797, 0.31728336081153896, 0.2697481177320902, 219.3729084775996, -57.814027817987856, 141.80546953861332]"
81.96397602782065,13.919035646933365,0.9999746395525932,0.05218677669130267,True,False,"[0.5018257071207406, 0.48328960848471464, 182.5201107756582, 91.8168001104911, 322.1528937202233, 0.38990788224564754, 0.31182122738577633, 221.17856236914136, -66.82083473121665, 142.44279774338418]"
81.14433626754244,13.88763846274431,1.0,0.018177843244135183,True,False,"[0.5715381019581559, 0.45700916461740154, 179.32099347022373, 101.09771678854914, 319.975823941578, 0.2917004187558095, 0.3958732832452264, 220.93800115969853, -62.92962953145674, 142.83725424127746]"
80.33289290486702,13.936677859269238,0.9993897340218667,0.4661844033731226,True,False,"[0.5603992936893147, 0.3858944559410985, 175.4223083744351, 104.33286836034624, 322.6239326583419, 0.26968630862071996, 0.4473100476328624, 217.29808216960382, -71.77798710149833, 140.98052980474523]"
79.52956397581835,13.911812356920478,1.0,0.3023263075598027,True,False,"[0.5758705109625596, 0.32362498616380697, 177.49571936849082, 109.98241270734555, 320.35668178530716, 0.3024956055379536, 0.36803023047570504, 214.03117340297246, -69.57022236474344, 141.241538497604]"
78.73426833606017,13.930359221093514,0.9997644649494952,0.10213052678014023,True,False,"[0.6678179632793227, 0.3184031861123166, 176.784385678809, 107.44448239124222, 323.91351478034716, 0.30115769175626483, 0.46084713874946776, 212.7742796272924, -60.18717582876576, 140.0875788569258]"
77.94692565269956,13.940707840941066,0.9998672438608156,0.9404732918458015,True,False,"[0.6724399111902218, 0.3919442103399876, 177.6134174858766, 104.8461839184412, 320.7583968202853, 0.3202355800242124, 0.40759923694046385, 211.06746507285695, -58.60458143379873, 139.81709355263837]"
77.16745639617257,13.917970310860364,1.0,0.7657162802870278,True,False,"[0.6368646958660562, 0.3674027021984601, 179.90242421934232, 103.63237965159388, 317.8361236352694, 0.2563505784892861, 0.3367970502723546, 210.15944598824458, -68.09198000538774, 138.18981568148445]"
76.39578183221084,13.842298714428383,1.0,0.5827287791124603,True,False,"[0.6551071584372006, 0.3021147918364121, 180.2423028064045, 111.08204606232609, 318.41769271910243, 0.2075674426128956, 0.29005300899285574, 207.32644084527215, -65.80113694463543, 134.88452930695374]"
75.63182401388873,13.923797815546767,0.9989230035480818,0.2763928969922619,True,False,"[0.5558554822878807, 0.2514714567542364, 177.10641571719643, 120.42547244066071, 320.3631652908839, 0.26064958848239095, 0.2538579855758831, 202.38526967211973, -72.80041246313597, 133.5271624200476]"
74.87550577374985,13.927341080023922,0.9999526790423043,0.9827617299519306,True,False,"[0.6009933469306405, 0.32730180702544437, 174.62270512569663, 113.90235787279636, 323.336374493301, 0.2492884882790122, 0.17891117368087714, 198.7061932713343, -65.37299442090622, 131.91455597897001]"
74.12675071601235,13.903709796808954,1.0,0.027434362820288216,True,False,"[0.5274184328690414, 0.41623022268036103, 179.09489056180533, 111.34865700441256, 325.38156111408097, 0.2534963095778266, 0.16578742038126046, 193.7110396513621, -75.18597947680061, 127.91245546036184]"
73.38548320885224,13.888126071693314,1.0,0.7440818664251653,True,False,"[0.5380619891676515, 0.47320496917480515, 182.93380445271723, 107.96357829698862, 326.4373231350677, 0.3033794198180537, 0.23669301186254035, 189.9151098699089, -82.87380735363129, 128.02606047499833]"
72.65162837676371,13.878732455649457,1.0,0.08920155148941855,True,False,"[0.5835242989942627, 0.44106760474325557, 186.7311020047488, 114.4122017840788, 326.2269281135398, 0.23971568339218455, 0.3215921751258044, 188.6368638997882, -91.55818547716036, 124.6284430715422]"
71.92511209299607,13.886766844998236,0.9998883013124169,0.4771635027254485,True,False,"[0.5498913200684156, 0.493367159585056, 184.92279605467098, 106.2901756437385, 324.8909510827969, 0.1755418044848086, 0.2969344523593042, 189.5462833013456, -87.63509552494418, 128.5927381186953]"
71.2058609720661,13.79440032627959,1.0,0.6092787520157599,True,False,"[0.5954069358160896, 0.4081211174006973, 186.3608773493068, 103.57026179433034, 329.7044470420357, 0.15662709129672842, 0.2032943180857968, 186.6512436792463, -84.56636953377014, 132.4734648916958]"
70.49380236234545,13.787760118351182,1.0,0.4778027229531815,True,False,"[0.5874725454177327, 0.32901846241428606, 187.38619817787284, 99.27443113855095, 332.4843313131324, 0.11660507976845397, 0.2614452554686196, 188.03876238791787, -84.63995313699881, 129.15170021250515]"
69.788864338722,13.781217310632204,1.0,0.3937171989012952,True,False,"[0.664744978612785, 0.35979460902806537, 188.06657303678227, 102.85280102275787, 329.6664912937253, 0.14102652110716152, 0.22018708096858045, 184.71900473029552, -89.4072048052531, 130.30360648123929]"
69.09097569533478,13.779631865697901,1.0,0.2170639852875158,True,False,"[0.7296684813654224, 0.3828711773463863, 192.65016090391424, 97.32685118987169, 330.6457427044498, 0.1451557018980746, 0.17515991563995867, 184.2781452365531, -89.67506583880382, 131.4780493908866]"
68.40006593838143,13.763023449810168,1.0,0.5935856548766689,True,False,"[0.6496751286527227, 0.4072425697319362, 195.4931542409799, 91.66730373296217, 326.41516021720946, 0.16625264943653512, 0.18219550562234493, 187.73746794618887, -97.64417263271045, 131.53631190050191]"
67.71606527899762,13.795696195020355,0.9995176201673087,0.33153986357687315,True,False,"[0.6722617737256789, 0.3523232903469759, 194.10888039443964, 90.5439543538957, 323.6000291154026, 0.12441722001084346, 0.18428093069377458, 188.81690124111157, -98.4280354947206, 128.9285458798012]"
67.03890462620764,13.763372214960851,1.0,0.18743931652040247,True,False,"[0.6807890987671736, 0.43527717190220194, 195.23811009324717, 93.42747028354711, 325.5342280900895, 0.13941702168355996, 0.14876314163147092, 188.22282070779355, -91.20690960169017, 124.41661200137706]"
66.36851557994557,13.821489207596157,0.9991247121640844,0.34736631772992865,True,False,"[0.6605811853011461, 0.49124982832031894, 200.13404095949878, 88.55771086897859, 325.3718490272186, 0.14911904458649, 0.21654358677386293, 184.7902291449393, -93.23853452812362, 122.47769054186674]"
65.70483042414611,13.778428238256597,1.0,0.08677969565880583,True,False,"[0.7358546699047477, 0.5862535021347975, 196.85323420923697, 92.30836034049263, 326.45317039868155, 0.2119603315198611, 0.30713552055353954, 185.21295814594743, -85.07943420505427, 125.35351027066159]"
65.04778211990465,13.781233330623166,0.9999568773631747,0.7223929567194253,True,False,"[0.7705597749517803, 0.6671087423831767, 195.35400529635436, 93.06719820110169, 326.1620033762833, 0.2833282710019396, 0.2357769689076644, 184.24471602029777, -91.4184152166116, 127.39707995056492]"
64.3973042987056,13.794049346519083,0.9998010050136148,0.06543661033968828,True,False,"[0.7660146837287914, 0.7517228301999006, 200.15352174237336, 85.32998377382201, 325.61093370147523, 0.21545701076702714, 0.30730386087485684, 185.58345422792365, -81.83005545017528, 124.08043130170262]"
63.75333125571855,13.795294078322664,0.9999804760060697,0.16120351482962103,True,False,"[0.7202605940541021, 0.8168152563212567, 198.00918549141292, 77.84419437780822, 321.2462550057488, 0.19017141291946624, 0.40248299504913304, 188.18468800392878, -79.79383723740347, 122.04830888266808]"
63.11579794316136,13.771966478306178,1.0,0.9390370862861426,True,False,"[0.6381678638904744, 0.7823004367254106, 195.07413505049846, 81.0313076595791, 320.5896582026424, 0.16047233603378597, 0.3075189631053458, 192.41992111238042, -69.9078930983431, 119.63454709378057]"
62.48463996372975,13.765758972021324,1.0,0.7532116152063427,True,False,"[0.5758515608177617, 0.7292062523845242, 194.8079638064597, 90.71579870719738, 321.13460571259475, 0.2258403700443681, 0.3928420010481218, 188.9472190610417, -64.08347170310127, 115.71745914320577]"
61.85979356409245,13.739628175836867,1.0,0.9271457383830266,True,False,"[0.5912544678816982, 0.8221975037698551, 198.68656430385204, 96.41682304958297, 316.56749277660634, 0.23500929997164605, 0.4285918466825204, 188.4868998660128, -73.9288716367034, 112.92367298773745]"
61.24119562845152,13.71980936554979,1.0,0.0652402206856244,True,False,"[0.5084066587490054, 0.8340880961450192, 199.5767496164457, 86.5121133352568, 313.1456046119153, 0.17642806471577827, 0.33292700374257206, 185.9164063114071, -64.1180981114641, 113.85531971368577]"
60.628783672167,13.752198940736715,0.9994659149819256,0.9382632333827422,True,False,"[0.41393593121139205, 0.7573973632898591, 202.47899543566743, 89.3689365044323, 312.2488056186629, 0.20056228846175014, 0.25187213694943184, 181.39504999486442, -63.502391729631505, 118.82268261924224]"
60.02249583544533,13.733820617623888,1.0,0.5865542712365464,True,False,"[0.4168983920509022, 0.8314237697978493, 197.80660840903556, 92.82185948561695, 311.26195181898936, 0.24140617535076114, 0.3147045165916068, 184.27557600369164, -57.40133379111879, 115.23641184525142]"
59.42227087709088,13.746449019876112,0.9997875028963238,0.17852634353699381,True,False,"[0.5159069627021635, 0.8361922125815691, 201.66086342308822, 96.76847490331838, 310.421677456355, 0.25981955563383685, 0.40575602460081256, 181.45551773430196, -58.18441207586416, 114.48881655624838]"
58.828048168319974,13.797379273947307,0.9991346268380635,0.5409773840150423,True,False,"[0.5909471687503078, 0.8232099341783269, 205.35886474956516, 92.98257599735638, 309.02336307101814, 0.16405697001112318, 0.5022672210516816, 182.84606951837017, -49.21129862705979, 114.91096292933713]"
58.239767686636775,13.762398985434437,1.0,0.7024705305806294,True,False,"[0.5626039104542419, 0.733028658507251, 203.65323932882478, 87.02037789328854, 305.7206906834324, 0.17696205743901736, 0.4773683872591737, 184.79845504228985, -54.890938169278364, 116.29744056944014]"
57.6573700097704,13.772350102272283,0.9998274243491989,0.9212261315820199,True,False,"[0.6386009404927159, 0.8272422403921667, 206.45796064792893, 79.92256320974623, 304.90895788509283, 0.20857089203147272, 0.434353580494559, 189.63624573911883, -46.56091076445139, 115.59727150520992]"
57.0807963096727,13.812231384242168,0.9993015627734795,0.4955642035867167,True,False,"[0.7158480361258175, 0.848727461278675, 206.66011845953673, 82.35344472505476, 301.15970615019955, 0.22639765162551756, 0.4237875067382524, 192.82122950060193, -50.095953233877154, 115.10057080628933]"
56.50998834657597,13.790075633433641,1.0,0.316024145874213,True,False,"[0.6534592519744917, 0.8963506738474768, 202.24503153389776, 88.45963334457842, 303.2389496190866, 0.1852266724610558, 0.3791707665514888, 189.41322977585273, -41.40594717174699, 117.26661051790225]"
55.94488846311021,13.786047274967375,1.0,0.9450963314245876,True,False,"[0.6582113623787916, 0.8196903131280103, 206.92365696257377, 92.9404824927283, 303.49514694896527, 0.15135305150879708, 0.45682769023061176, 187.0755692398929, -40.430006949931865, 114.72610260959912]"
55.38543957847911,13.796431012379614,0.9998125362157727,0.37295958684899244,True,False,"[0.6486437896363483, 0.8866749172828757, 203.1522725393313, 93.53156855005716, 308.37858711774663, 0.15800036866692352, 0.4477503252813459, 183.9733338770124, -44.47008057998422, 116.79448468026071]"
54.83158518269432,13.742971440361963,1.0,0.6221670691377925,True,False,"[0.6133537527839427, 0.9006698998627607, 202.86554985088563, 86.64309291491432, 305.51480291093105, 0.21877488130224607, 0.496814892500007, 186.09036957521383, -43.84790549260421, 113.33105365877093]"
54.28326933086738,13.813237689869403,0.9987064008415953,0.4714798918027501,True,False,"[0.6850954867663877, 0.8704819014600658, 202.02143722391426, 96.51601454789667, 304.79864732048634, 0.2472878860002853, 0.44216574751640675, 181.28351911682483, -43.65788944044946, 111.80782775904923]"
53.7404366375587,13.834682094951287,0.9996010429307918,0.9032012543797999,True,False,"[0.7688468883363285, 0.8502637285321503, 206.97122066234243, 95.54120472619132, 307.57796137736005, 0.21605083655311602, 0.384016708605584, 182.56348666265924, -51.227348335644606, 111.80239491551923]"
53.20303227118311,13.876946735406861,0.9992059126045805,0.6419017185573508,True,False,"[0.824641671621524, 0.8591712282317207, 205.26899249504282, 87.15663970011947, 312.503649470851, 0.19476636431993952, 0.33648543011267507, 179.68721974420225, -44.759310349748674, 113.46393900440468]"
52.67100194847128,13.85012418767749,1.0,0.24270348571346878,True,False,"[0.8474499191893657, 0.773785091428359, 208.4743769774456, 85.08775547756984, 312.99728183090417, 0.19303540411161701, 0.3933731380572957, 176.4380572864157, -49.79331052162612, 115.00160842063396]"
52.14429192898657,13.810441686427664,1.0,0.5678562140627479,True,False,"[0.8676525634194457, 0.6840924867851859, 211.51440815643838, 76.7384133762715, 316.9979193551301, 0.18644426116769536, 0.3906416816720383, 175.41833082117586, -43.74544303949648, 110.62530254549748]"
51.6228490096967,13.812503006083332,0.9999600704234437,0.09281589961724412,True,False,"[0.7678402538106353, 0.6092270595292177, 209.59584538432085, 75.15301539964318, 319.7737443332241, 0.19004254330644546, 0.33075249296340187, 170.9972508876829, -44.01149426017657, 114.06076364446318]"
51.10662051959973,13.786891594109807,1.0,0.5420690811834863,True,False,"[0.7463627386710766, 0.5580028277798212, 212.80183760863986, 70.74870562251249, 319.27458468540385, 0.2743590058942209, 0.2746126531239421, 174.45483691389202, -48.20343183043309, 118.2729119429222]"
50.595554314403735,13.76798382974108,1.0,0.47906328435495016,True,False,"[0.6952878443536304, 0.5304181519612248, 210.6031133974179, 64.64790298763684, 323.4893038415827, 0.2079266963849282, 0.3711526339656247, 169.63703041658843, -57.025116151024775, 118.33506575955352]"
50.089598771259695,13.7562480576219,1.0,0.048003559153174,True,False,"[0.5978604184361604, 0.6275930439211903, 206.71832262801948, 60.659367299114265, 319.0072550889553, 0.15339911261472997, 0.4421517106880546, 164.90957298644014, -52.0421577643491, 116.90716016507312]"
49.5887027835471,13.842804132872024,0.9982560427397549,0.8533555628085967,True,False,"[0.5629198754019389, 0.6193094623454388, 205.45829574760563, 56.197662501180595, 322.76654389435, 0.18636251823985422, 0.405172193211978, 169.82806584389905, -55.03613976859275, 119.28206528807645]"
49.09281575571163,13.752378674855162,1.0,0.23294947069792704,True,False,"[0.6234343414339754, 0.6993924843337669, 208.03267173744547, 64.91037892789703, 321.4621651505139, 0.26673180788845285, 0.40275189521554905, 169.84340655701772, -62.592059340790335, 118.44028364698599]"
48.60188759815451,13.846645029683575,0.9980623181350305,0.19680493857570225,True,False,"[0.5299142051306526, 0.6323297536125471, 210.73707964052275, 65.73091190105795, 323.4452149113856, 0.3577603058857656, 0.3570623253024338, 167.34234157377412, -63.70362241269297, 115.79700916142525]"
48.11586872217297,13.84082262112949,1.0,0.901464904860561,True,False,"[0.4607999148673039, 0.6744480973111548, 211.25136618324382, 57.93383528731516, 324.5648879605532, 0.43095386021277904, 0.2974279946942206, 164.7871228858266, -54.42339288503017, 112.57973016124058]"
47.63471003495124,13.760391951205833,1.0,0.1010229295170415,True,False,"[0.5554288505388937, 0.7124277442837964, 206.66871375744782, 51.333371095711776, 323.309223481152, 0.3606996717073895, 0.26381367083308427, 162.5246724556401, -47.288494362204204, 117.37090173984805]"
47.158362934601726,13.720336346187551,1.0,0.11587060572693009,True,False,"[0.47173034516722884, 0.8023729697582844, 210.57636086855507, 45.76820129430333, 327.5234504908622, 0.4234085924796055, 0.2541338691869649, 159.22920675727633, -40.56775118774428, 112.44348724138065]"
46.68677930525571,13.737602397051756,0.9996302409636053,0.2928820096075996,True,False,"[0.527993725479293, 0.7587071998157593, 209.12139623581055, 51.5143558331236, 328.0722998370314, 0.3349378708029212, 0.1958085247341147, 157.42016493357838, -41.16939240405602, 117.4331724284233]"
46.219911512203154,13.742884974515388,0.9998857142858242,0.7435991866206082,True,False,"[0.43966272894310393, 0.7454618568778328, 205.50833427108861, 58.61592959498995, 326.57340245482425, 0.294462672029706, 0.18371714411565845, 153.49826809935396, -33.60710700423044, 116.85506533287179]"
45.75771239708112,13.729332913011689,1.0,0.8904957357117302,True,False,"[0.5214990260960916, 0.8153332835635827, 204.97015802093816, 59.032491815576876, 324.1533181616366, 0.2252811958153645, 0.21436417943693478, 148.53292106300108, -24.115533757715493, 121.44604297109638]"
45.30013527311031,13.791634738864715,0.9986256331712307,0.8786150018823584,True,False,"[0.564485630495334, 0.7394647781639144, 206.35339032581732, 58.14999467727559, 328.44698692020626, 0.3137206177177465, 0.11934292531327913, 150.78545601730374, -28.576746371738174, 124.72525158476361]"
44.8471339203792,13.750581189177314,1.0,0.6728562652792671,True,False,"[0.5601952156021204, 0.7758954691869782, 203.7288486322119, 52.062912884957456, 327.4283067265039, 0.3328074947010592, 0.18769575737152377, 154.6474036315594, -23.42434176566507, 121.47605587322666]"
44.39866258117541,13.776274665232332,0.99942146808942,0.2236218829623099,True,False,"[0.6203043932836908, 0.8540126035878739, 207.7506267765812, 57.847280468346284, 332.1004535527141, 0.3600852454781116, 0.17049996306121565, 154.65838412085935, -21.70770002397315, 124.02468178129092]"
43.954675955363655,13.765288097492057,1.0,0.43207356005122166,True,False,"[0.5535615586975822, 0.7566491311345452, 204.08100664653816, 51.908836698682066, 328.4611769925679, 0.37266590396303667, 0.1832061185495504, 156.5850450804581, -21.043116541746777, 128.80366302539187]"
43.51512919581002,13.725718742581787,1.0,0.7676493471762176,True,False,"[0.46520951521918047, 0.8462758448089456, 204.1540683211882, 46.133193934360975, 327.71058201114687, 0.41091803583859837, 0.11893310055794432, 157.22218014884916, -28.110055759878033, 125.95206408550101]"
43.07997790385192,13.746446591132319,0.9995189676555961,0.3704739185499788,True,False,"[0.5579512267201874, 0.8655238022186912, 199.56291283508926, 54.19026696840591, 329.8306301855667, 0.48011534406802714, 0.15392056269784915, 156.9335998719613, -31.86275659023581, 123.46817873301414]"
42.649178124813396,13.709768052940866,1.0,0.9782659195536936,True,False,"[0.6021006565125411, 0.9168357249011634, 203.6846764291614, 63.17505501672353, 331.8787131974409, 0.45288345735971525, 0.2069858455984444, 155.87931130306876, -37.49811117152777, 118.85299452202474]"
42.222686343565265,13.72862406996433,0.9995535147363698,0.02523806090379266,True,False,"[0.5652566843033506, 0.818056936189323, 200.53705100492758, 65.75684897384603, 333.75526949289235, 0.41529073808412964, 0.14253879053274443, 157.36981431493155, -42.15018467382049, 117.61171048090962]"
41.80045948012961,13.749403102602354,0.9995030229543531,0.6385207375832026,True,False,"[0.633704481703183, 0.8450219759850204, 198.39746882767543, 73.1872687295629, 333.9926708156435, 0.4343504268855739, 0.12836851647669395, 157.92854959305706, -44.99212654400834, 119.91575242508694]"
41.382454885328315,13.740089734271049,1.0,0.07605698159848417,True,False,"[0.5792839321563602, 0.8581812367049874, 198.58186122807592, 74.11109683686702, 336.7428254494385, 0.5073995096301833, 0.22236798499603533, 160.33664985323517, -50.83108881340274, 118.45206628476153]"
40.96863033647503,13.735862580550055,1.0,0.8472234324563029,True,False,"[0.5672375194977943, 0.7952715747368497, 197.64678670978682, 83.19761717919405, 333.26874873764007, 0.5932756198206524, 0.14482717724838512, 163.44909970837375, -48.422315282240724, 114.5439185334307]"
40.55894403311028,13.717976860758382,1.0,0.9339414466665577,True,False,"[0.5020955365993727, 0.8075341394090202, 195.69576428427249, 92.00680737141717, 335.73392369017586, 0.6037441384953313, 0.1812274586796042, 163.79071103330662, -54.363869810397446, 112.59225921419682]"
40.15335459277917,13.699095251702223,1.0,0.2634206351733843,True,False,"[0.4939172708903006, 0.8682371220792344, 197.8542275344465, 89.13545629378501, 336.73659972512905, 0.6352654055270037, 0.26108063526117326, 160.62403914819598, -50.40283533838294, 108.09389343758325]"
39.75182104685138,13.701884921059367,0.9999298253161628,0.8888548747902802,True,False,"[0.5637365282011918, 0.7980507855330398, 202.5848710285819, 87.67594582625772, 337.3987636486674, 0.5797857083893362, 0.31457074877526503, 158.37428078528595, -58.40359753025314, 104.15181636656204]"
39.35430283638287,13.73415984634064,0.9991802244722712,0.10097489996967846,True,False,"[0.5920011321830801, 0.7189124260681615, 198.235470570071, 82.09270305465617, 341.0056685191005, 0.6531278570501559, 0.4069357661882404, 156.23495479338996, -53.37262121341688, 105.94756717082844]"
38.96075980801904,13.842541612564254,0.9972220470740577,0.7395369820429923,True,False,"[0.6184503518633822, 0.6376887516900588, 194.41609615916983, 81.92078306381264, 340.47917533451664, 0.7230327870603878, 0.449904311079238, 156.95342372343808, -55.566028504089196, 103.64576320225468]"
38.57115220993885,13.801542245974133,1.0,0.3200934166861549,True,False,"[0.560597338769522, 0.5562166795318172, 189.5291588669278, 73.77964614018907, 339.52936293507025, 0.7690004426119215, 0.49605976420900577, 155.433639074115, -48.13303917884444, 104.48618897527409]"
38.18544068783946,13.791360159648281,1.0,0.37520630091065543,True,False,"[0.5190241799958816, 0.508347446561122, 189.17685918744738, 72.88599014442904, 341.95193726737307, 0.8530737364825403, 0.5800754115741742, 151.91337296785568, -39.5569137229034, 108.96476054464725]"
37.80358628096106,13.795836497284004,0.9998815966138647,0.8584690427149246,True,False,"[0.4269676972242276, 0.48419604778621966, 189.1202242691359, 68.58951815519227, 337.99912723231216, 0.8112792383973536, 0.6048169304950014, 154.04647739746713, -42.290936728727644, 109.50526540403274]"
37.42555041815145,13.813876539016206,0.9995180914013057,0.4544089237069122,True,False,"[0.4549452304567306, 0.4980921866105954, 184.54331084737152, 71.7811245102975, 338.4922307013516, 0.7368134212791162, 0.5586398290315165, 151.48095486270714, -46.15180243130456, 104.6776996373703]"
37.05129491396994,13.793616476951236,1.0,0.8672341955429019,True,False,"[0.4414705765844835, 0.5541754082756647, 185.84534372454965, 65.06473195148133, 338.2077901096696, 0.6818212225549695, 0.6059516364730086, 149.72026827336097, -44.077803543653445, 101.66045302071952]"
36.68078196483024,13.80487506062126,0.9996931129757315,0.5863834947260224,True,False,"[0.4294622320157895, 0.526231865255973, 180.9078615115776, 59.6017750772926, 333.59356590024464, 0.7646603561883462, 0.6748483862447723, 149.4168581930974, -52.81122937508097, 101.71696820779968]"
36.31397414518194,13.792912126400378,1.0,0.735273679685768,True,False,"[0.37968960871269475, 0.5722189053054905, 180.06990352349982, 60.90560954697163, 336.68160838959534, 0.7197261399730214, 0.6087349984340433, 150.71085359904913, -58.97066779424914, 103.39294371009623]"
35.95083440373012,13.790919672549808,1.0,0.30727579070487876,True,False,"[0.4125353833588051, 0.5371615775284568, 181.78440891187083, 70.47161208888912, 335.977733331569, 0.715864209386854, 0.5896176798075333, 149.4703294754957, -58.94668036488027, 99.43566871424326]"
35.59132605969282,13.813157954909597,0.9993753720703438,0.8645722107918863,True,False,"[0.45804565879925707, 0.5527532535177546, 185.24144049042715, 74.75261978786222, 331.21991066505745, 0.6858242850078025, 0.6018607040104422, 146.5063339854568, -64.01970187556347, 103.66691083758741]"
35.23541279909589,13.810047840036125,1.0,0.6361189248278711,True,False,"[0.4588171153937419, 0.47264554748606863, 181.54822268181184, 73.3984439653751, 327.8409132287594, 0.7730481495444144, 0.5697301828597141, 144.851326767367, -63.618400183780324, 104.86240702913972]"
34.88305867110493,13.781396803221561,1.0,0.2831506292475161,True,False,"[0.4476563150946955, 0.41007857378529755, 178.52648314730786, 77.90725655996553, 329.77247289605197, 0.8266153601151845, 0.47063239783100985, 141.4341702580149, -68.46095570777598, 104.57985505403823]"
34.53422808439388,13.801004166583493,0.9994323950670222,0.8092221086080027,True,False,"[0.43744355900010884, 0.38649956612117364, 176.42182533401325, 86.12572796593209, 327.8045563658016, 0.8389222095392016, 0.5334637190140022, 136.47591617498807, -72.7698460367446, 103.10167550486791]"
34.188885803549944,13.788834148906211,1.0,0.2866278405359943,True,False,"[0.44445705146294656, 0.3002581885307176, 181.08172432668607, 87.08264963638379, 323.4801573458646, 0.7942514135738844, 0.5615774191172082, 134.23787953464836, -81.36636295791817, 105.924811905479]"
33.84699694551444,13.768659786461564,1.0,0.3569626202505336,True,False,"[0.40747627242471895, 0.37057288946666134, 182.446047518046, 89.16238135579474, 322.4303414661005, 0.8173419146012093, 0.5391831961028692, 129.31106516602142, -78.85351563049156, 108.72263942408958]"
33.508526976059294,13.7697767114655,0.9999666679949866,0.5088642577775284,True,False,"[0.4638761726778238, 0.2734183282019977, 186.09556471424446, 97.14028196302124, 320.85126583894976, 0.8398664258041929, 0.6005105834218024, 129.078575043907, -82.7543119189655, 104.10140251501339]"
33.1734417062987,13.631779491312763,1.0,0.5064994391742128,True,False,"[0.46052994517974377, 0.20641170998584235, 182.81993801144904, 96.46719712917023, 316.00605232614805, 0.8143963803675152, 0.511209118869253, 132.83684847861548, -81.8084492810751, 104.49778156149512]"
32.841707289235714,13.763889272162139,0.9959854577062526,0.748820190513004,True,False,"[0.5550129327316928, 0.18948126359284406, 181.09638527270715, 93.6535129303818, 317.4294223373061, 0.7274438753445769, 0.43343000730146236, 131.58918210501977, -89.39701694627291, 108.43446908901112]"
32.51329021634336,13.805717034075405,0.9987143451850548,0.8248221523724895,True,False,"[0.6440010712846977, 0.213663511542756, 182.97687631867544, 100.52866436527748, 313.2294201360062, 0.7759406054064609, 0.4926430942444927, 129.0158882155375, -80.35965447820716, 111.03150072628695]"
32.188157314179925,13.777881312881608,1.0,0.9630792188666054,True,False,"[0.5646828008499616, 0.2061622990638058, 184.6617218957605, 101.00536714630815, 310.52214934520543, 0.8073376477744258, 0.4360478517763496, 133.10674465739575, -85.81160421197819, 106.95788817201341]"
31.866275741038127,13.769653682252521,1.0,0.6154698434979181,True,False,"[0.4872481448132854, 0.15677224894321817, 186.79571447678546, 92.61513686141839, 313.8070771673527, 0.7230692475861801, 0.3413230709689377, 136.45459734158294, -86.94755197573794, 104.35906167450636]"
31.547612983627744,13.785142929673002,0.9995091404983539,0.13208893806795918,True,False,"[0.449822037204689, 0.2354343761948446, 188.41399673920174, 84.23889829321621, 317.3378918465592, 0.7253165311567066, 0.2454720747914948, 141.45171708870294, -84.97235332656363, 106.51578908469662]"
31.232136853791467,13.763715577142317,1.0,0.8169528208274706,True,False,"[0.4685579890306215, 0.3043483635383107, 187.06776668882034, 84.26620304972388, 316.44649361022294, 0.6469436446026348, 0.21737542886343728, 136.67127068120237, -89.61317849326721, 107.0862071699007]"
30.91981548525355,13.793946566273762,0.9990227556433182,0.303285429376588,True,False,"[0.507405537607721, 0.3265764697329947, 182.83440055195663, 76.59911327958802, 319.0631011730855, 0.7204307931710038, 0.29045304335950795, 140.88821866500848, -85.93599178352343, 107.98422722685768]"
30.610617330401016,13.802775063163953,0.9997116286878142,0.41668622664422095,True,False,"[0.4638709986788127, 0.4236007591911437, 187.59031430647363, 78.97530404499426, 316.4720348442216, 0.811546967743009, 0.29765610957187405, 136.70829967826882, -81.27940291384958, 110.92667138525553]"
30.304511157097007,13.712362536224859,1.0,0.06114187157971074,True,False,"[0.3850606373772118, 0.37014311152765766, 189.43502260316845, 83.69675660919158, 320.72931847851555, 0.7279928499600908, 0.3379548137833394, 138.6239059122253, -90.97711179597603, 113.94829610941224]"
30.001466045526037,13.736202097945629,0.9992057023954315,0.7345334645962668,True,False,"[0.37757043967567455, 0.4021139541680589, 190.91605947076832, 83.9187448544239, 325.23829278076096, 0.6811732232308972, 0.2629829402441304, 143.00357148799264, -97.15925341777994, 116.0585980115835]"
29.701451385070776,13.783332130154422,0.9984144660614661,0.4999072656710193,True,False,"[0.4006415990812362, 0.33072877226434566, 187.73824777275098, 85.25419729458365, 321.3733760889, 0.7407849488191943, 0.30395527185162263, 138.55286238256284, -93.1789101179459, 117.62888424932915]"
29.404436871220067,13.792151870946329,0.9997000990619156,0.6602750529629409,True,False,"[0.3478245061168611, 0.2959647046585914, 191.28364133768693, 86.25081751287736, 320.30678362355997, 0.6967150348312691, 0.23711977225205588, 141.71674719533596, -86.39145924216538, 114.99997709755772]"
29.110392502507867,13.682891856824726,1.0,0.9152604699711954,True,False,"[0.2551641510644713, 0.38375731178635203, 187.60004136346805, 85.41334802286326, 322.37207173111074, 0.6017435469896258, 0.21022338257098783, 138.23663085917437, -79.97548662842973, 115.13449380062768]"
28.819288577482787,13.820056341796707,0.9952518402095074,0.848809775475848,True,False,"[0.3371130100351475, 0.33974609162427777, 183.2082146596003, 85.00643260698264, 320.71979079375546, 0.5246937382820704, 0.20729773095488196, 142.7139737336875, -73.33496526354017, 110.58208944249078]"
28.53109569170796,13.809187284862444,1.0,0.5013123215104093,True,False,"[0.2967852252907796, 0.40056616925290844, 178.5228861146817, 81.62287286086449, 317.3047256803168, 0.6206934801807198, 0.28551105922099407, 142.93106055721546, -81.10797442861393, 115.36871554966913]"
28.24578473479088,13.820886490218648,0.9995858928000684,0.5511728930466135,True,False,"[0.39422059700858747, 0.47648144875603193, 181.04171167595143, 76.48311036393031, 315.6250954245612, 0.5847263599899388, 0.22142442254752992, 146.4856286647489, -78.25323166216216, 112.4841742869366]"
27.96332688744297,13.83518735726871,0.9994887156706572,0.23966697754580324,True,False,"[0.37015653304316903, 0.5262729160817246, 182.51813860978126, 69.19463100169467, 312.3020690622678, 0.6263425144981986, 0.29053910249834625, 149.48027995218175, -69.74368411149796, 113.56355643843382]"
27.68369361856854,13.829341499478165,1.0,0.20765980886520763,True,False,"[0.39176920107403357, 0.5967534274489587, 182.98822691865212, 77.28075524698973, 312.12891727277884, 0.6605693015643225, 0.2685150780295989, 145.1347800705121, -77.37772699342482, 117.69774107528819]"
27.406856682382855,13.83290293515642,0.9998700615568282,0.5159169671139987,True,False,"[0.4859088352043607, 0.5076136111341819, 179.25678662788485, 69.4015586868382, 315.4842400639809, 0.6644337324000429, 0.3303597163908919, 147.10104591327502, -67.6267776971167, 114.21575774000021]"
27.132788115559027,13.825273618130087,1.0,0.7271435860419665,True,False,"[0.47941059618529763, 0.4538049887092585, 182.90188986096373, 72.27560746386452, 317.7567664102347, 0.7162511269914928, 0.3858226347405529, 142.12255678109926, -75.3918630938628, 114.85190001403545]"
26.861460234403438,13.823194953016316,1.0,0.8872161646203955,True,False,"[0.4953843696381587, 0.4073217576270749, 179.53649344926367, 65.35186234033544, 316.26739707901453, 0.7563098231476445, 0.32464513390636873, 145.27394333579508, -73.46434116814478, 116.75345828189192]"
26.592845632059404,13.811573908346547,1.0,0.7827074043217257,True,False,"[0.44837853810142386, 0.48514430426359634, 176.56369569179537, 57.92547313282507, 314.8234023795243, 0.7631926637447526, 0.24836561964625747, 141.71163233791196, -77.62993344273163, 120.86821408276296]"
26.32691717573881,13.835358911369083,0.9990969598969388,0.14690052261854392,True,False,"[0.47604238436451873, 0.48897902306615715, 172.84957874680006, 57.45426604339561, 310.55214922951484, 0.6802835553428481, 0.18825932765439526, 144.19873164585437, -82.31119708749526, 124.03151840393753]"
26.06364800398142,13.795905651467098,1.0,0.4789916180389717,True,False,"[0.4684094827536066, 0.4288557877024371, 168.28661657690708, 61.88066386438534, 314.88769696254343, 0.7048327279589225, 0.14239770273678237, 145.34672421771495, -90.69652522255677, 128.90762466496682]"
25.803011523941606,13.825365854063232,0.9988589164836594,0.3569890309033842,True,False,"[0.4914874708094911, 0.48909125978702694, 168.278331753677, 70.78160086329233, 313.56867104649245, 0.689330629976565, 0.19301858883607492, 146.81901335766926, -92.75119612699577, 133.7872742014583]"
25.54498140870219,13.819516060364169,1.0,0.1768056051870034,True,False,"[0.499879244308727, 0.4129008536314913, 173.0712987784656, 78.11057172651289, 310.7955503857736, 0.7219424905473462, 0.19453429246943882, 149.59669383940744, -85.76127253147834, 130.63003835675448]"
25.289531594615166,13.782709270098685,1.0,0.2326777232534254,True,False,"[0.46668520210130826, 0.4818775028229703, 175.11018823164994, 82.53907586881586, 315.69451802673115, 0.7064718704584342, 0.24709442358312306, 152.938538392206, -95.1568258767338, 125.73209192665169]"
25.036636278669015,13.82637004654281,0.9982576441739464,0.06187935635531283,True,False,"[0.4115390814624665, 0.4751291701935189, 175.1636575368906, 90.02883167984807, 319.80677999672065, 0.6339292657044521, 0.2431707386949004, 152.47976176659165, -100.22735953938654, 129.73748798190428]"
24.786269915882325,13.807473581896234,1.0,0.8442706134016478,True,False,"[0.3835521599453303, 0.4896165062536113, 175.10725840274137, 86.4736765363151, 315.8032219870361, 0.7209190958549022, 0.2687837804375188, 147.66185469076504, -96.54593563516889, 133.19191830991485]"
24.538407216723503,13.798016114797745,1.0,0.4117401514670631,True,False,"[0.38283346770139404, 0.5428551492943778, 176.57288473699185, 82.89284591242155, 318.95914841765324, 0.7321753072491529, 0.20745596013123752, 150.02704552292735, -95.63224152032, 136.23077616068466]"
24.29302314455627,13.737559957963173,1.0,0.9284014498870083,True,False,"[0.29726544284102707, 0.635082926904391, 181.3735797230701, 80.33100210545527, 322.07459978462686, 0.8130219846959464, 0.17594469971225696, 154.3527330835431, -90.78988897334607, 133.53796930917358]"
24.050092913110706,13.770166587586349,0.998645138876501,0.9502217207382245,True,False,"[0.2904297613731592, 0.6251895747462259, 177.96744257680155, 79.64231618718074, 325.5717850605218, 0.8742926100568555, 0.2451511028189453, 152.44649378288858, -90.49138463383912, 132.90990402342044]"
23.809591983979598,13.700849590053778,1.0,0.7550945546079677,True,False,"[0.37120846073776587, 0.6503138492544197, 175.2018242619013, 77.62749609759709, 330.1602189094972, 0.7844763704329812, 0.20004650896570275, 148.1322344823599, -96.01138380234823, 130.11256473854516]"
23.5714960641398,13.674983638735156,1.0,0.00920650070561202,True,False,"[0.4522858378949036, 0.5986846352886236, 176.61957468429824, 80.98047327309692, 329.34981166239766, 0.8316391809794204, 0.262336130647326, 149.3120667774958, -103.51576144342951, 133.98240257944778]"
23.3357811034984,13.741797857727317,0.997140928781745,0.4516512806919819,True,False,"[0.3818881708097055, 0.5346245548552532, 171.79244484493702, 75.67211350502937, 328.81804362463805, 0.8352271004736973, 0.35264613450400295, 145.64910272665767, -94.0545177103003, 135.63912168771523]"
23.102423292463417,13.832621239341861,0.9960763818761508,0.6498971678969149,True,False,"[0.31496823781331257, 0.4711350749353831, 167.43175568613958, 68.52502714122356, 332.71021189407355, 0.8640832470508738, 0.3924050157803302, 146.45969372216243, -92.50613855041436, 139.83045549045983]"
22.87139905953878,13.797999283223195,1.0,0.1762778615186632,True,False,"[0.39401849347337486, 0.48188460239674524, 164.18647582319338, 58.5486665551911, 334.75627826780186, 0.7908020018366886, 0.4850498532924563, 145.193998026189, -102.35267665714287, 138.79010077228816]"
22.642685068943393,13.824389748845185,0.9988351605726742,0.3213170246949475,True,False,"[0.4010660569083261, 0.41630763717055386, 164.2784609568922, 64.94552711048742, 336.2314676693416, 0.7117501759671904, 0.40675965954255233, 140.42468733631858, -98.37200694844117, 138.1108128675567]"
22.416258218253958,13.8084471854538,1.0,0.5154822137333331,True,False,"[0.4158140230512427, 0.3784826169043639, 166.24591616910803, 55.359764329827, 331.42360509767076, 0.7389359071474976, 0.34220938902616393, 142.72763598345068, -103.84581653228702, 136.9575435199523]"
22.192095636071418,13.797520223262115,1.0,0.8338716475251071,True,False,"[0.3397412921873076, 0.3341676022268394, 164.85915907349144, 64.40711387754672, 335.7981342018549, 0.6679341852055791, 0.3566860496508414, 142.47190265603044, -94.14725190662514, 135.01979200595792]"
21.970174679710702,14.401001712674173,0.9729056055247224,0.5260481737328456,True,False,"[0.33002479460346945, 0.29160734052126924, 163.3896371281943, 73.40787957683912, 333.5684434315637, 0.6480988584050102, 0.43170878675042335, 138.9914823937031, -101.64041931174394, 139.7582989348834]"
21.750472932913596,14.361158954629492,1.0,0.659877215560648,True,False,"[0.2888238636123719, 0.22518691727281315, 158.54316817490337, 70.72244175734218, 331.66958047480887, 0.6810144478980574, 0.41235282758758585, 134.24041206696796, -93.68803201947881, 137.2647569602526]"
21.53296820358446,14.40751840488325,0.9978493637861822,0.8118779310728886,True,False,"[0.24348397519974435, 0.1543324268468868, 161.6189684061131, 65.25390105292409, 328.056074504199, 0.6081671597616671, 0.3925608072238083, 132.52637948528564, -99.35751706856318, 132.98714231897225]"
21.317638521548616,14.379192827733311,1.0,0.8508675636371256,True,False,"[0.14648626052711178, 0.14544153726753284, 162.6670710645489, 56.85672181452654, 326.28131335950434, 0.6069281218212056, 0.3476857344673418, 128.9622403226784, -91.00848194572498, 129.61781544905932]"
21.10446213633313,14.391949694007952,0.9993957196614527,0.6502421707646405,True,False,"[0.14602053422270084, 0.1884757655290367, 163.78452911004376, 59.87993998102182, 324.96106917177576, 0.677364564528389, 0.3372001097498013, 124.8942162320647, -90.63513361518721, 134.32152282062356]"
20.893417514969798,14.400390020244632,0.9995961109934081,0.641899429550894,True,False,"[0.13161982442436249, 0.12069851893329014, 165.15783604182437, 51.57498396364537, 320.5352490708296, 0.728854855772386, 0.24664917259626584, 122.73763971744712, -92.5644890922552, 136.6911379702807]"
20.6844833398201,14.368059894070143,1.0,0.8896367241006682,True,False,"[0.19730749775038833, 0.19234236958672965, 160.53445386351626, 47.11452803012148, 322.0852400598795, 0.6441988628040204, 0.14821712000722137, 124.94087465669257, -96.13722398023884, 138.47985506156988]"
20.4776385064219,14.324906059730342,1.0,0.4021336546775457,True,False,"[0.28106229413689787, 0.270381449520182, 160.88696190386779, 37.46052705055075, 317.18186931169595, 0.6487281077403357, 0.20117336844205333, 128.34125978433326, -86.57067017308421, 137.3354874584948]"
20.272862121357683,14.258582504715609,1.0,0.5192083423012299,True,False,"[0.2425620800582044, 0.3554831246793556, 162.54345146936302, 41.08331778099347, 318.05508066942156, 0.6057926145098743, 0.16822125344525485, 132.6205128703489, -80.1307432898217, 140.86986022300354]"
20.070133500144106,14.268920680691025,0.9994850301408159,0.2812752909553826,True,False,"[0.21363820390813582, 0.299404168406935, 160.594682171243, 33.30389125654256, 313.9823521402053, 0.5520201484359476, 0.14081659037104372, 133.3044518752877, -88.22529614188497, 145.38879577189243]"
19.869432165142666,14.33564561084492,0.9966474623894619,0.7380478412017111,True,False,"[0.22984442800848845, 0.20760255299078095, 157.59720797753963, 27.932919854787883, 318.4336297664194, 0.49068737829291703, 0.15120031806355547, 129.1166744911741, -90.54987104885828, 146.5930303122507]"
19.67073784349124,14.319033263791283,1.0,0.11593467476857888,True,False,"[0.21609543162918543, 0.2807406818627496, 157.68300173983852, 33.957273095312054, 318.58458079474553, 0.5797264661740156, 0.20822509290009986, 130.5553992780831, -86.7656255436361, 143.0873416499375]"
19.474030465056327,14.290452385357295,1.0,0.9356217094819008,True,False,"[0.21227182971194783, 0.3017840069931331, 159.95979536388464, 39.034420444310044, 319.49592681238727, 0.4972440967466597, 0.14551896857317803, 126.25880556816384, -88.6718478117702, 146.6168991581067]"
19.279290160405765,14.293752149182243,0.9998288587688333,0.5707991382437969,True,False,"[0.20050476883671203, 0.36826079822982993, 160.0814171041417, 47.01329819330964, 316.1150030114108, 0.4333473490731531, 0.19447383576923252, 128.81747150740628, -89.12075584568512, 150.00209332790578]"
19.086497258801707,14.244102686003835,1.0,0.9382300580416173,True,False,"[0.29172092558715673, 0.2935905819272376, 160.19691141332788, 46.15970724060002, 320.4031955772253, 0.520297792064145, 0.12668008396552763, 127.89668469467563, -83.30678235878226, 150.7009643092987]"
18.89563228621369,14.317887648711864,0.9961027454055587,0.03242276278977163,True,False,"[0.33097089955194314, 0.21290924377181533, 160.39774301248224, 46.50702460166883, 324.70343125671957, 0.5966562730939455, 0.19244990974001758, 132.50745050296408, -80.07238515709508, 146.23003184521303]"
18.706675963351554,14.339493449747284,0.9988456886318855,0.9695490338715191,True,False,"[0.31287603130086156, 0.20000427291863743, 160.93663419491327, 36.60795887822171, 320.6649804305279, 0.5716059377167498, 0.2019427329171957, 132.26033794979512, -83.13456999549572, 144.24777567448123]"
18.519609203718037,14.257988578970856,1.0,0.7024873255537792,True,False,"[0.3192291181344478, 0.27433456592325356, 157.6288978695865, 37.72963084903012, 318.98646707758013, 0.4824167309044416, 0.1590289044259918, 135.54075279016527, -84.77871137178133, 144.74257428435882]"
18.334413111680856,14.261889948679602,0.9997872331866167,0.008549909656996424,True,False,"[0.286223728717405, 0.23328184776109026, 156.6718046083005, 31.522791353733716, 317.9291794865142, 0.5164794119627791, 0.13144867760354048, 136.68964492485748, -84.43404250044631, 144.2639047762625]"
18.151068980564048,14.299234379401742,0.9979446918280355,0.28418089692661364,True,False,"[0.20504527902921882, 0.22514772439138192, 160.77886550761156, 38.644537456915245, 320.22327130035904, 0.5027868873679691, 0.21093274648212662, 135.17323837253593, -74.81486232437551, 139.5085258506652]"
17.969558290758407,14.257883305550966,1.0,0.310538880155817,True,False,"[0.14426280983430356, 0.12567904655205092, 161.38743284405658, 30.164578351084046, 319.3989911204811, 0.5336839423666799, 0.27594070862183123, 136.68731404666653, -67.10841983677946, 144.2466266591566]"
17.789862707850823,14.265236064286068,0.999586773682604,0.6842451579500054,True,False,"[0.1919200226308596, 0.1724773529469077, 158.48665373312204, 39.28142130552713, 316.47861535236893, 0.6058134942769866, 0.23075333956369354, 133.17922185853482, -65.61875120441951, 146.33567357386255]"
17.611964080772314,14.266607474515869,0.9999221349288279,0.22894211108758322,True,False,"[0.1480248522094495, 0.1920927318415874, 157.1490933556407, 32.90505440555693, 312.2544709458274, 0.6003816889234745, 0.15495820447674025, 134.26643516893887, -72.79173404895927, 142.72192699676424]"
17.43584443996459,14.287819692459017,0.9987841529559884,0.6393432818949851,True,False,"[0.11501458249205494, 0.25954517404198385, 158.35528700389003, 37.74744981372474, 311.2403369637034, 0.5878153845462324, 0.16582904492618938, 134.57170508957117, -76.9511731042414, 140.17394333894708]"
17.261485995564943,14.27757949826454,1.0,0.5056494287014198,True,False,"[0.16445085295597933, 0.22219625074859833, 161.35015821928863, 42.85911903313094, 309.7836945249024, 0.5902116361792178, 0.1506411329900269, 137.34902495584976, -84.1598051656312, 142.29905611297136]"
17.088871135609292,14.3456762043871,0.9960230721030083,0.9468380123679151,True,False,"[0.10253288811215433, 0.21242072971419568, 165.52578113268515, 40.97226446863865, 308.02183703745595, 0.5015542074674567, 0.2193695948035877, 135.77168586859196, -88.27493787486895, 146.80356930125967]"
16.9179824242532,14.34719763544004,0.9999100742271844,0.3326978116786451,True,False,"[0.10406677581234573, 0.3068181500723939, 170.34089565984593, 45.062719172419136, 310.69091041160493, 0.4057076902605204, 0.2619243651405563, 137.9112661532155, -86.80389844970662, 150.54349728510454]"
16.748802600010666,14.25907421128996,1.0,0.21571890399214766,True,False,"[0.17502133572648548, 0.3582050584061768, 168.74903041203132, 44.72694409078262, 307.1313487388872, 0.47057534642081256, 0.2095282335715315, 138.83922859221008, -80.61548459524292, 152.127319907837]"
16.58131457401056,14.281192641061367,0.9986669522531717,0.15379838005680269,True,False,"[0.1887478888205664, 0.36693220286216477, 172.399699091356, 52.4285658209774, 310.64618709356427, 0.5442061484746994, 0.2621294530809304, 138.48625155791947, -85.28207569122625, 149.48135866371075]"
16.415501428270453,14.298385993906066,0.9989531631408833,0.5280150428399409,True,False,"[0.2744172609442191, 0.3290908225602103, 168.8672584371645, 42.93149459514627, 308.8928852346777, 0.6342032540660153, 0.36115088143249696, 133.7233338415748, -84.16544964340007, 153.17598379353976]"
16.251346413987747,14.268465050828993,1.0,0.2759534938080822,True,False,"[0.21038703285561913, 0.24674479307968766, 166.91482265023373, 52.08871354810106, 310.39118223964954, 0.5841818982661859, 0.40191168373356734, 135.87612906278105, -78.14253694351737, 157.14769681408504]"
16.08883294984787,14.255133379567102,1.0,0.9151847274367131,True,False,"[0.1993497874357563, 0.3020819397006488, 169.03356536948115, 56.64874732934353, 312.00675530025694, 0.5866029273588168, 0.4386307913244059, 132.44547694331538, -68.58030814686978, 159.90404471382115]"
15.927944620349392,14.288341037467887,0.9979173040873287,0.8763040704843125,True,False,"[0.17366455006696702, 0.3088489392303748, 167.69798269080468, 59.35864551560824, 313.0457476658508, 0.5174298802487938, 0.366651614431055, 131.04215572186797, -71.13251585637288, 157.4338855055162]"
15.768665174145898,14.25474129259836,1.0,0.13356540767297675,True,False,"[0.17614912287550916, 0.2976796593441186, 169.1332277706019, 68.06689806321009, 311.9120998918733, 0.5827583256821983, 0.41210389174730117, 132.52276211849406, -61.216371120784075, 152.7629412016717]"
15.610978522404439,14.257384329645932,0.9998307080292891,0.8464272390402454,True,False,"[0.25156082954506453, 0.32149695590466865, 167.6752878595341, 59.664970793717, 313.08541084987394, 0.6000304119753594, 0.45368657204826845, 127.88433017259085, -61.74186391468286, 148.28161224081498]"
15.454868737180394,14.246102517998493,1.0,0.39332754300418493,True,False,"[0.27291850115129485, 0.41406470707534015, 172.21266229375124, 63.739354017521364, 316.98607540695025, 0.6264188731493985, 0.4722322528580004, 132.48706266542015, -58.36212936697403, 150.08138943167992]"
15.30032004980859,14.24191515751551,1.0,0.8866514976603787,True,False,"[0.18741145153522293, 0.46950699384325767, 171.96238951620987, 55.019155967199865, 313.53839449760704, 0.5672502974353673, 0.4829279922191331, 134.90577932182072, -57.65023450892319, 150.9721109151201]"
15.147316849310505,14.237988317524117,1.0,0.352703110718798,True,False,"[0.20999108967459337, 0.535664889540205, 173.0333376893626, 61.464705485657554, 317.61533278391784, 0.4716582269117064, 0.3961562068793036, 132.17417208578271, -53.53422172912741, 153.3522915412167]"
14.9958436808174,14.258069464898334,0.9986617820026594,0.6284296888577653,True,False,"[0.11872115986545959, 0.48635133746482856, 172.89978237436586, 58.18003223344056, 318.11030505521506, 0.5179813856367328, 0.35309103337462333, 135.3378642728952, -60.17860681580786, 155.72528207859406]"
14.845885244009226,14.259330471699148,0.9999150637886013,0.6574444503088687,True,False,"[0.1288879704846619, 0.3947075467932056, 172.72115999147988, 61.20068068485234, 319.2092481852155, 0.524477119602607, 0.38638946145979963, 139.08405397462147, -63.04164812435119, 156.4869538437977]"
14.697426391569135,14.239484673870777,1.0,0.5793910888802428,True,False,"[0.18164028329297324, 0.40022200164631205, 176.71060154316908, 53.467509601234596, 319.69857126630114, 0.6206998967321944, 0.4711781984045553, 137.5118975179094, -66.90210933575203, 154.21388790797604]"
14.550452127653443,14.244759931734011,0.9996375163010951,0.9952789900773181,True,False,"[0.1346129887052826, 0.4251745880300329, 178.75954319564713, 55.23342739354916, 315.98757686713685, 0.6542172447614187, 0.4695019043097316, 136.38959076868477, -64.85836562926185, 155.69725806028632]"
14.40494760637691,14.268492009634494,0.9983538614619801,0.6672472484292582,True,False,"[0.118023701889343, 0.4839449702098647, 181.56165367105515, 54.76702515419768, 314.1078032425771, 0.6536143462911863, 0.4075435665884455, 134.3955700627134, -74.65683770478198, 158.25785903849572]"
14.26089813031314,14.244103988242383,1.0,0.03737772869235223,True,False,"[0.13623160906921294, 0.40874445888128974, 178.65568818512827, 46.15075684479691, 315.4856460355445, 0.6089187326970534, 0.3180750708125583, 138.38015642125802, -67.90927869515448, 158.52861566853917]"
14.118289149010009,14.22227089404285,1.0,0.08179442998814279,True,False,"[0.20455677420011326, 0.5032786309188798, 173.92676085616765, 49.19541160429962, 316.41470835429953, 0.6329965549743333, 0.33781552702459294, 143.26496981723267, -64.11906743386093, 157.7228227506203]"
13.977106257519909,14.224891579352416,0.9998125191588684,0.7612055675218582,True,False,"[0.1838970239482334, 0.4712950842052647, 173.48912590955595, 39.93786007537452, 313.2164830620182, 0.7142146637242754, 0.26598874707026265, 139.40567776260883, -61.49802429299044, 157.20816308196834]"
13.837335194944709,14.214700694371537,1.0,0.7676369644897558,True,False,"[0.23591592422123475, 0.4694612829637147, 178.00667415714634, 40.96587557493706, 313.3998709233509, 0.7314674595533314, 0.27669524754846475, 143.66278637246288, -63.787210222901294, 160.87418965044904]"
13.698961842995262,14.217579190163036,0.9997898969700366,0.32625617899716797,True,False,"[0.2723737304043763, 0.537952422165064, 179.77752530094068, 37.729687402465174, 311.8865088247407, 0.7389407508286674, 0.3604240603451224, 145.73430990568406, -70.44730591893538, 157.85904495950433]"
13.56197222456531,14.209964777788961,1.0,0.9082203218618469,True,False,"[0.3351818806132223, 0.5936378314419695, 180.09393351300764, 40.347657089784626, 316.1274634440666, 0.7541634228532728, 0.4307674429084857, 141.65430104638463, -61.516845829231805, 156.6962878853874]"
13.426352502319656,14.20578105945426,1.0,0.6965879167378144,True,False,"[0.3093607009488478, 0.6809432547277038, 181.9391903414101, 49.094771288777935, 317.1276471480066, 0.7621872197217963, 0.4309809828033952, 141.6152847770986, -63.758826129610114, 158.381066277658]"
13.292088977296459,14.20289897972388,1.0,0.2967870657956361,True,False,"[0.37496619457785985, 0.6459068376742788, 183.41571922842823, 44.29039948662013, 320.15975057766843, 0.7752441863845041, 0.44427736509073823, 143.5742029487612, -65.62905341254341, 161.36418190999186]"
13.159168087523494,14.164447321251753,1.0,0.9323495124486196,True,False,"[0.4251519610677049, 0.7377094330145169, 182.24624964246027, 48.46400931530139, 322.26579143710194, 0.687217990369545, 0.370568098896689, 148.11446267986034, -75.18830201177505, 163.9821585660678]"
13.027576406648258,14.155807628810734,1.0,0.4565347631494764,True,False,"[0.39183272255482793, 0.7443372693715804, 186.196836579126, 39.001787238462114, 320.1868059219456, 0.607866338584141, 0.4630375809710111, 150.25941722129272, -77.61210156758132, 166.56317205178075]"
12.897300642581776,14.176321298527455,0.9984107244588017,0.22393204649058607,True,False,"[0.2959204390129237, 0.7510053122387846, 183.20966261324867, 43.56104072117783, 319.6818769224648, 0.5575593835830763, 0.5611594600668621, 150.14493719597482, -73.02443910585794, 166.76216210849765]"
12.768327636155957,14.217179102905101,0.9968051804374426,0.22480266760510115,True,False,"[0.1966036909932697, 0.8134192733858393, 187.15335225372843, 50.19008692383048, 315.46401263672016, 0.6346352135650591, 0.6258924913782556, 150.29848911777447, -76.75903110405486, 164.92764987981573]"
12.640644359794397,14.228738666583762,0.9990859421806516,0.20194819424824018,True,False,"[0.13753421162410348, 0.762623705822641, 187.89307198775793, 60.00543471134722, 315.9637742799125, 0.6653049869099056, 0.656590671292273, 154.61899442077532, -74.05769465719932, 162.23489804329282]"
12.514237916196453,14.289099337550336,0.9951882540095419,0.5615077177799709,True,False,"[0.09883335971621374, 0.7771930153943017, 186.1466035812841, 64.831309435864, 315.0371865105973, 0.7367120302114768, 0.7093458576784112, 150.27266205428248, -76.1529483180002, 158.86026433681914]"
12.389095537034489,14.267308008260319,1.0,0.18057971740316636,True,False,"[0.1872038982348401, 0.8392265199329083, 181.8959862780021, 66.32567560860083, 314.5780519509912, 0.8050329444102327, 0.6689706434007889, 150.98856654210292, -67.73262609475746, 156.2819280804041]"
12.265204581664143,14.266394381737214,1.0,0.8713563850937519,True,False,"[0.21030386780844257, 0.8128519158644991, 178.15438510340212, 62.09801205092766, 314.7227452279899, 0.8442474823171722, 0.6544050975550643, 153.05572125288992, -67.0674901666697, 158.31485711577307]"
12.142552535847502,14.314558150620933,0.9960413287523123,0.059802717958667984,True,False,"[0.12938026496828647, 0.884563586469589, 175.17071486988428, 52.5406760754981, 316.5193650889006, 0.7811496153872237, 0.6500849278866107, 154.84842122426804, -69.45209277597908, 161.50787145630753]"
12.021127010489026,14.303463859078182,1.0,0.38437545876958146,True,False,"[0.1286114499183354, 0.8683832096674771, 174.64631976219133, 46.57941915227688, 316.70449161609343, 0.7823684673439999, 0.5716317841766976, 151.4320224371536, -67.8495897314107, 160.71130900632303]"
11.900915740384136,14.275362821175676,1.0,0.1944385543782805,True,False,"[0.21777109568179062, 0.8353291001531626, 171.0543984180457, 45.039771208134695, 319.2206065719372, 0.8524722340388526, 0.6089753523208636, 150.02921583186352, -69.617814060281, 165.666738676368]"
11.781906582980294,14.272925341958562,1.0,0.02942003280774841,True,False,"[0.14594913730308423, 0.7469389690676063, 166.97934754415095, 49.89182467575414, 321.23685950347357, 0.7989936187472433, 0.6628825718630884, 153.28779794653997, -72.27955539772647, 168.87855681286456]"
11.664087517150492,14.313856035211582,0.9964970288720202,0.8863860026911805,True,False,"[0.10162098956838667, 0.8069836438576508, 169.73089297431903, 48.14379149897701, 319.4344584516874, 0.70337667075493, 0.6029125604875706, 148.38615080874973, -80.54339545940687, 166.74462601095223]"
11.547446641978986,14.241673989031405,1.0,0.2745282847965894,True,False,"[0.18349220341713968, 0.7396072633643469, 173.6525734163348, 54.99900654453253, 318.1019822042814, 0.7430015667595825, 0.5949681568676342, 148.88362795883484, -72.46809317739445, 166.09679726276113]"
11.431972175559196,14.212332168537898,1.0,0.1907110060897249,True,False,"[0.19647727076495874, 0.7785624071575861, 177.8687718535226, 57.78696484417421, 321.5537555934683, 0.6536115569505087, 0.5169087248292035, 153.86293057225518, -64.07774649605686, 168.06628289561522]"
11.317652453803603,14.191204455662788,1.0,0.781940412533265,True,False,"[0.22267005291190023, 0.8169075312385996, 180.50954650841652, 52.567161035260185, 323.1583626848883, 0.578086090506459, 0.5354019841206611, 153.38016297415115, -54.771197694179264, 168.073350461666]"
11.204475929265568,14.155225857030384,1.0,0.1526383741072196,True,False,"[0.3125864870785193, 0.7458195158472224, 182.71127513786763, 50.370113043890896, 321.3000411772907, 0.5615595755031336, 0.5912789049410382, 155.7015122255477, -48.14914533588685, 170.69293614257992]"
11.092431169972912,14.178628599310416,0.9978924302711968,0.6985500677189875,True,False,"[0.22402990375605542, 0.7857678424476044, 183.49806173186502, 50.79827260994165, 319.60282155247825, 0.4740912404705506, 0.5203336625006354, 154.11945173874093, -49.65078367140855, 173.04031368640435]"
10.981506858273182,14.188383357125879,0.9991121048596396,0.15186007984819327,True,False,"[0.20325884982114728, 0.8212828420826309, 182.14177041820432, 59.84409588925688, 320.2449332593147, 0.3886405759752246, 0.5823598463023053, 155.5467616119338, -44.180250586639495, 176.85094905292632]"
10.87169178969045,14.254375719956588,0.9939482761002777,0.5447218931562064,True,False,"[0.10690073600865659, 0.8196547705763816, 184.24263375999385, 57.40506350422733, 320.1032042963845, 0.3122912531094759, 0.5328508603416209, 156.3405927692409, -49.974644133447946, 177.8303959944662]"
10.762974871793546,14.263783708996986,0.9991262751649227,0.6161142826288384,True,False,"[0.13286522687732427, 0.8649948547892705, 179.5197990775279, 65.76758750856504, 316.1855392546495, 0.3487295032865088, 0.6180252108558505, 152.28957977264977, -50.26905779375558, 174.7857588669398]"
10.65534512307561,14.252727613149245,1.0,0.387661937544585,True,False,"[0.12603998160240362, 0.8346710350536168, 178.71967214351008, 70.5097168155775, 315.9924975050959, 0.414334475345843, 0.5343597558700709, 151.06459976619004, -40.46435946458726, 178.65247378211492]"
10.548791671844855,14.168838118763489,1.0,0.5259118012512274,True,False,"[0.2208656316361393, 0.762938893463865, 178.53534493356273, 75.01515264915801, 315.4720603585451, 0.3246947244732838, 0.5471825893277606, 155.47963969108315, -44.61223067629704, 180.92071461896887]"
10.443303755126406,14.2087911458705,0.9961816010424376,0.5725208952651559,True,False,"[0.17685578975676003, 0.8312209461532599, 183.2542889592675, 74.33092749989784, 319.6185711489961, 0.4010591726189433, 0.5279709419911488, 153.44848143892764, -35.52588911699415, 177.3520532765384]"
10.338870717575142,14.201546319624889,1.0,0.2323853038477831,True,False,"[0.18641339519776665, 0.7808195252847644, 181.26313403695974, 75.40378817100654, 321.96923334912475, 0.45184673978041845, 0.4917548899378004, 148.94822067690706, -36.531408317415455, 175.13548444580482]"
10.23548201039939,14.186440486497956,1.0,0.05060482243041686,True,False,"[0.21475583642760945, 0.7652459921990995, 184.7930134844789, 71.89749047215778, 317.152475166259, 0.44971983945431937, 0.5828794725526352, 151.86337929876743, -38.572231694678706, 172.39342999245207]"
10.133127190295397,14.158875035178479,1.0,0.9154877418548224,True,False,"[0.2359966675819119, 0.8155080112791512, 186.77324471421394, 62.181254429432585, 318.1543453340279, 0.36033957364651653, 0.6174664341800004, 156.7231595832207, -46.684168655793215, 170.71453162646904]"
10.031795918392444,14.095895297428626,1.0,0.913799630033537,True,False,"[0.307636696268058, 0.725103253548191, 187.17574073183326, 66.08223565181245, 320.8977307544441, 0.3453454823286567, 0.5610431546757325, 161.05859842334385, -39.888545491024146, 165.8936502321195]"
9.93147795920852,14.121394993186787,0.9974357303289738,0.701220489512457,True,False,"[0.28633659726753924, 0.6710144968039511, 190.05109891769126, 69.0697313135314, 325.54324068086214, 0.34761831572902424, 0.4666072027095071, 161.32684822079608, -31.921806167895472, 161.8779726752187]"
9.832163179616435,13.89015672768458,1.0,0.4167281895802061,True,False,"[0.38202476153370546, 0.6728746583035401, 194.37272403494575, 70.29640968071624, 323.2628414000305, 0.41088501519555676, 0.39699599370468713, 162.29645564379155, -26.466013024843818, 160.91529379007713]"
9.733841547820271,13.896891407835847,0.999308356228131,0.7728518229283439,True,False,"[0.3481825979845104, 0.6218096122868427, 189.57199780942335, 70.8342512822148, 326.3195247637204, 0.34707012692726397, 0.32479953194741507, 161.42402990064676, -31.899379371502846, 158.41971974706925]"
9.636503132342067,13.872428525419389,1.0,0.5609582150869725,True,False,"[0.4291156719295301, 0.5672784178057311, 193.24237997500254, 65.83391310094056, 324.18678769276164, 0.26306655345197993, 0.386833454341317, 161.37222712505599, -38.36196934486695, 156.14963281740597]"
9.540138101018647,13.8884986065965,0.9983169474262614,0.517208388091525,True,False,"[0.503315837186411, 0.6131270660546408, 188.73515067120044, 72.23986372894858, 327.2653862045273, 0.3434867940231619, 0.29069331844918583, 164.9179959368827, -38.55028420247277, 156.21962169486386]"
9.44473672000846,13.85395625813971,1.0,0.17744259687103292,True,False,"[0.45896100438257664, 0.6696015337088206, 192.89857716617055, 65.30501156081147, 323.31767878415417, 0.33968828922301086, 0.3246908617628684, 165.24097876779575, -33.18902497761617, 152.8980395507546]"
9.350289352808376,13.901237474309102,0.9949561052969872,0.14769099906369565,True,False,"[0.4271721653924037, 0.595772227156567, 191.96043066019516, 73.84291929237608, 324.9912803590779, 0.4367003999779408, 0.39843621067096346, 167.27501768873566, -40.719284612317246, 155.5728177556491]"
9.256786459280292,13.9039229830787,0.9997099296533039,0.306408297998238,True,False,"[0.5187561088172885, 0.5538783251905138, 189.85403931606157, 82.76452274708248, 328.0877939527282, 0.46419139779371427, 0.3661112696383201, 164.53167725910225, -36.70910170145035, 154.79047589393218]"
9.164218594687489,13.905337600470077,0.9998456487915472,0.054913753803654486,True,False,"[0.48865116347192994, 0.5046421983047009, 190.91733082142247, 91.76305592938456, 331.80398754598207, 0.5199925683782852, 0.29888004875745, 167.17257804853594, -40.31876538749481, 150.9804083711771]"
9.072576408740614,13.904933437104244,1.0,0.5301141756056935,True,False,"[0.4351967529555356, 0.5289573663310561, 194.75477911721603, 97.11477091495448, 329.7538554585636, 0.4815424249612062, 0.33258603708929874, 166.5227777383118, -33.286344975775386, 146.66363931998194]"
8.981850644653209,13.899135004152715,1.0,0.9797774539553262,True,False,"[0.3671635640926437, 0.6277081899317983, 193.2426779731836, 102.7586164523179, 326.53807797139575, 0.46150362091903324, 0.24536747637724224, 167.98980000640944, -37.23912780632426, 148.2046683713667]"
8.892032138206677,13.82985859873362,1.0,0.30786784887112983,True,False,"[0.3728034802986614, 0.5730308549973957, 194.15836464547587, 112.20844322001153, 330.75311380668404, 0.530731182014062, 0.18474250880032547, 164.93682602832976, -42.86367541092844, 149.95641661015256]"
8.80311181682461,13.818552848510683,1.0,0.707131346243549,True,False,"[0.3776568721039701, 0.5961180866418239, 193.48998432853602, 110.06499291785526, 327.96816297182323, 0.46453210452715143, 0.15195159596123547, 165.75613489571268, -51.92506979669381, 145.07540253324174]"
8.715080698656363,13.830490966989448,0.9986311147230302,0.4998849635004865,True,False,"[0.3083481209005035, 0.6037877521889619, 190.52461338479742, 113.39750044134358, 325.1513695142398, 0.3657331060883656, 0.185093781574826, 166.927401346207, -53.57443312700408, 145.8488029459571]"
8.6279298916698,13.912240183075166,0.9905697945554922,0.7406753789087926,True,False,"[0.3374384472776515, 0.5260775950668266, 187.59850116954837, 119.03727034056486, 322.0734464871535, 0.39494786041670793, 0.2373534307647823, 165.22156571923477, -55.703040394059016, 144.55476281031997]"
8.5416505927531,13.912562936818983,0.9999622148386167,0.7096827640473803,True,False,"[0.4143598877122069, 0.4647325984074798, 188.88280652460364, 116.79376536421131, 321.81766486519285, 0.32593241922635197, 0.24235218507877343, 164.71851342237971, -50.475663743634286, 142.47755399667815]"
8.45623408682557,13.905512297010837,1.0,0.5586633878000521,True,False,"[0.4329660995488642, 0.4179199983482689, 186.84566958227128, 112.86235527401837, 319.9994707206823, 0.40171253873481466, 0.1485537311547382, 165.79301592983262, -56.766965143250935, 143.01173917693538]"
8.371671745957313,13.903325039246656,1.0,0.1527429769038754,True,False,"[0.43542409942151605, 0.4893291780157777, 186.02243317502345, 121.1046399339531, 317.8568928462655, 0.40304727116689204, 0.12409955161392529, 166.90441666977142, -65.31790162771964, 141.59615026956476]"
8.28795502849774,13.920529273317076,0.997926341300699,0.30914642998454567,True,False,"[0.3658604468198428, 0.4346799352772692, 185.35156581941922, 120.99510288868122, 319.4460869869952, 0.3701524738717504, 0.17934015477367676, 171.2615674846409, -68.2959570828153, 146.53572473195314]"
8.205075478212763,13.891452669622211,1.0,0.367653932177732,True,False,"[0.3087599351762895, 0.5175795756851835, 184.856322668241, 112.91234304817195, 323.72713880158403, 0.3723968286513092, 0.2274748567799544, 167.4475721424885, -78.28350343534537, 144.43306417631243]"
8.123024723430635,13.891212248800677,1.0,0.48105272064246163,True,False,"[0.31018464333998547, 0.531377907294864, 181.7125846348743, 115.80127641641842, 324.2090761439557, 0.3555394246624243, 0.16443242532493252, 167.15787987786095, -78.80881454936019, 145.48759524603554]"
8.04179447619633,13.836191795796058,1.0,0.8170886643448478,True,False,"[0.24199636749485842, 0.5707310905029677, 181.8273692206338, 113.14187340179473, 328.40579554533247, 0.3184841836054263, 0.1340352035269423, 170.50614076536127, -71.98269629209545, 140.78680509815294]"
7.961376531434366,13.855516908493712,0.9975755854402921,0.9208906124827484,True,False,"[0.2034366768058013, 0.5794491752659838, 181.45935784436915, 118.73970826181139, 325.38231885834017, 0.27539203957612285, 0.23054502389293888, 174.41647798903156, -62.557535029216325, 141.57514556918892]"
7.881762766120023,13.895149265559475,0.9949842589631486,0.8611607505855622,True,False,"[0.11288981985084512, 0.5300390153293347, 181.90541907366938, 122.28923587516476, 323.45815398276704, 0.19093773702318872, 0.1572043698092303, 170.79289628772577, -62.48890307471391, 145.54136094937857]"
7.802945138458822,13.940416189484697,0.9942155334895092,0.07291261997667497,True,False,"[0.10770614173633133, 0.6267253093129166, 180.74598945099046, 120.41097779814584, 324.6432284871779, 0.285055378825487, 0.14719579721936277, 168.367119397324, -61.149814741769816, 147.77561578712553]"
7.724915687074234,13.85711037865377,1.0,0.39169355767611513,True,False,"[0.18646227354581188, 0.5422846408927826, 180.34773646086396, 117.65106093160313, 320.6495024375359, 0.2092654871070153, 0.12193453897701319, 168.7362965311545, -60.07668553632253, 143.9444302620975]"
7.647666530203492,13.930701532409667,0.9904234561119075,0.002572781737983698,True,False,"[0.22662652256141777, 0.45427527007505125, 184.7335935910227, 127.51019911932738, 322.214119389504, 0.18568518443830806, 0.2144350733498704, 165.72465828618186, -50.7844217223831, 144.62626343609168]"
7.571189864901457,13.856037876366072,1.0,0.2037331857999516,True,False,"[0.13461576003376624, 0.48536786583178143, 185.05817187962083, 121.79777960227153, 322.7240595581894, 0.25044069831313875, 0.2797854035854397, 162.50784348553503, -57.76722956916929, 139.97896603224476]"
7.495477966252442,13.916564121979366,0.9919574806877823,0.12065677332938529,True,False,"[0.1866833058712671, 0.45868958159034534, 188.8766520852508, 125.18069997983774, 325.6352807982881, 0.1771755855453991, 0.25891898262969265, 157.60526986316324, -66.47103620328647, 138.3875683673399]"
7.420523186589917,13.851074813826568,1.0,0.10101307933129389,True,False,"[0.17941286168593656, 0.4876409528241862, 184.979396526868, 126.67685897376622, 321.8100277596568, 0.2742421923114842, 0.22176529050617771, 158.43733607316165, -60.803930655670925, 142.15350630339213]"
7.346317954724018,13.866560357729611,0.9978942874215195,0.9218169503310077,True,False,"[0.15374384068360086, 0.5016281008912268, 180.21279942278954, 132.35550208568233, 321.0139269018815, 0.3536580877624175, 0.24004756263314, 154.64552669247328, -51.02985044007576, 145.90682425729335]"
7.272854775176778,13.857990065225923,1.0,0.5999273886322002,True,False,"[0.22178393408950695, 0.40757510314982154, 184.85029525863928, 130.68553009255058, 323.1399505980709, 0.42770743927487476, 0.2367347110986276, 154.08928009801372, -57.11833021332027, 141.80656005964892]"
7.2001262274250095,13.938868502896808,0.9888299342634257,0.9033524700465528,True,False,"[0.1381148858059731, 0.3313444971193472, 182.72201997963765, 125.72978731051127, 325.3652254191339, 0.3377935136462759, 0.2956635522249093, 155.3662349540319, -53.927417882334126, 141.4702171376353]"
7.128124965150759,13.857948893088583,1.0,0.38791721583895644,True,False,"[0.15781078001928062, 0.34918023758304473, 181.94305758722274, 121.32018427805633, 327.81935465931804, 0.43469710047637034, 0.2777172957151163, 155.36305723641254, -61.34936258095624, 144.1760663350524]"
7.056843715499252,13.824425433066438,1.0,0.9605608468087321,True,False,"[0.13912279575695424, 0.3039801146824966, 183.9912179348812, 115.29915236102659, 328.32312123106664, 0.4333811597639148, 0.28007655974370305, 160.09788194373348, -70.33427092783319, 145.918349370747]"
6.986275278344259,13.910105052197537,0.9878109049673938,0.11137618012654271,True,False,"[0.20340340420087916, 0.20741555875326267, 179.5765687823373, 109.61021227547474, 324.3928847298224, 0.3740108174279822, 0.30155905219288337, 161.19116702800937, -62.41094988018874, 142.3129956606179]"
6.916412525560816,13.814429802454043,1.0,0.24786258001393735,True,False,"[0.1667502744668427, 0.15358450885315056, 184.18769467929215, 118.00597026874041, 321.23936815438503, 0.4666720268236465, 0.3019532381164371, 162.12416938169596, -65.11224492060313, 142.17230353785254]"
6.847248400305208,13.888200830506182,0.9892840088209451,0.6451859361425476,True,False,"[0.1560267285014204, 0.20094502919610918, 187.73376553003806, 115.67595490154731, 319.26040058909916, 0.42169757835763677, 0.35834360314061464, 160.50032586604726, -75.05832778088629, 146.20723294258653]"
6.778775916302156,13.848173929232185,1.0,0.5357390853711466,True,False,"[0.14583787547857435, 0.2758151019916735, 188.19649525455748, 110.4535883898767, 323.80818472438256, 0.4098764609314741, 0.29581707602664403, 160.93728136869058, -77.19206676147066, 142.82381816800236]"
6.710988157139135,13.89294172280222,0.9933513805934336,0.7071401939295386,True,False,"[0.24025951985322558, 0.259490141304151, 184.20765868865823, 113.30133073319973, 321.81538209743826, 0.4134745851109018, 0.38129892239536267, 158.62959098888197, -67.80948674371629, 144.34246995014786]"
6.643878275567744,13.905319005571647,0.9981387737375292,0.8877302839785837,True,False,"[0.1798644888235806, 0.26246088853454164, 185.5410790922922, 110.23387183624706, 323.4876483860105, 0.434249087831258, 0.33120576872130564, 161.88859988717587, -69.98486384629727, 144.15268512440838]"
6.577439492812066,13.811723012732916,1.0,0.8165524750371366,True,False,"[0.20470700199207392, 0.25366372392768455, 181.81446763664238, 115.20187453826237, 320.5727962492417, 0.48998183721005883, 0.33313913799761347, 160.1287522324074, -66.47662878623883, 142.61917798349214]"
6.511665097883945,13.907643574223446,0.9853773905991967,0.22619543771262673,True,False,"[0.1864958136667424, 0.22255021709711242, 183.4897917485803, 120.8392068284981, 317.49081644755796, 0.4042063973062957, 0.25351662997376695, 155.27402098419964, -75.46015183304081, 142.70168928647823]"
6.446548446905106,13.859445514389291,1.0,0.807399420521282,True,False,"[0.1153368808384604, 0.2808626145462854, 182.57425096376252, 129.90804786174542, 313.31171434027937, 0.4553135507006434, 0.21974161146487295, 157.5631019149261, -81.15399811160505, 141.53383261552452]"
6.382082962436055,13.843037631044437,1.0,0.7046791818682787,True,False,"[0.19754812159844432, 0.2061755372352933, 179.34437552841695, 129.52662161504432, 311.04811398262524, 0.5337577089424893, 0.14082369222955085, 158.98775412261716, -76.12134636426167, 137.81026402533288]"
6.318262132811694,13.85008312787216,0.9988855210624147,0.6533308944042483,True,False,"[0.12647747348418692, 0.17757649477589627, 178.8394162423036, 127.59256053854804, 314.34128937104043, 0.435721060491111, 0.16881259712325467, 162.82627471839095, -77.04470485384722, 134.06464653337528]"
6.255079511483577,13.89416868898118,0.9929768168902238,0.8241331156575284,True,False,"[0.2160907884107448, 0.17870550400264326, 177.38237156570597, 125.69318685595307, 313.7884367393598, 0.4549356887261587, 0.26800875351330533, 162.02510581850962, -70.63912923159508, 136.10928912352165]"
6.192528716368741,13.828293046969065,1.0,0.8803532823625716,True,False,"[0.1937005933469474, 0.1255314262929134, 174.35374938606304, 125.68808616018885, 316.89902844399546, 0.4058513066474158, 0.28216785385882465, 165.72295228712798, -64.45340578317301, 140.03815559046242]"
6.1306034292050535,13.819843900979357,1.0,0.2616315168770421,True,False,"[0.2794430961355066, 0.12210717015151791, 174.882405771388, 119.27219304971314, 316.2269516056261, 0.4296807354523333, 0.288064734650734, 169.31269402345134, -68.15521418204256, 135.31961964208566]"
6.069297394913003,13.817083165031269,1.0,0.11244057799553397,True,False,"[0.24027303584558976, 0.12028046248810191, 177.8070697381698, 122.08468811187848, 316.7641343497321, 0.4591840215515469, 0.3026267307139457, 170.36572122644876, -66.03797708285705, 136.47518531552484]"
6.008604420963874,13.829129260797254,0.9979972006915261,0.021050300083192974,True,False,"[0.25215466002003634, 0.11957939016393801, 179.19459999945653, 127.45553896368439, 316.13507728298725, 0.375544439694643, 0.38754830766391885, 173.81115027794473, -72.58727697678275, 137.843218782227]"
5.948518376754235,13.837184704623162,0.9986467231900124,0.9344159049200967,True,False,"[0.2863282461437836, 0.10088828943171263, 178.5415714961253, 126.10541443613239, 313.2757799595116, 0.33492140862177916, 0.3887110047188158, 172.2261882335656, -72.34548655489886, 139.15581544212998]"
5.889033192986693,13.825561308269522,1.0,0.6477113640661801,True,False,"[0.3381729058199205, 0.11809170111184965, 178.9475587675385, 134.8996611327638, 316.29243136536803, 0.31768627098554947, 0.4383153644290103, 167.2645714135895, -77.63425534603591, 139.34426839912274]"
5.830142861056826,13.837604344363575,0.9979364817311558,0.7913886348338517,True,False,"[0.36147055843543074, 0.20714328861952652, 178.29785642485544, 139.17146986855192, 314.6991126263234, 0.230577059502553, 0.44677926382743627, 168.61445582910986, -76.84169170454537, 141.68803089857943]"
5.771841432446258,13.835820787774605,1.0,0.3508449571059602,True,False,"[0.3794608257778551, 0.12862146573491534, 176.643885404883, 148.70923235304562, 314.68926691415413, 0.24088152498157112, 0.4466061001096507, 171.26793012851346, -84.12340170405868, 137.12145256495072]"
5.7141230181217955,13.840309856167703,0.9992146991736933,0.3272461319199347,True,False,"[0.3228959803456028, 0.21470338086896937, 172.28522062690803, 142.4651793828528, 318.410131929509, 0.3227168238399716, 0.5226969829821368, 166.70321638922766, -87.29723767872937, 139.00773533720852]"
5.656981787940578,13.843192059815117,0.999490634821534,0.6579357277979202,True,False,"[0.36944586046245764, 0.21363274424360795, 171.99068085096326, 135.72765663498987, 319.74879270553635, 0.29196822253630134, 0.5890832228449654, 171.282127416777, -80.70786199020193, 140.47320008744816]"
5.600411970061172,13.871462266400588,0.9949648393115663,0.3148114355831343,True,False,"[0.3418954214708925, 0.16592307221023042, 168.86852050638225, 144.02560659514555, 319.1645799278124, 0.37323318459625876, 0.5809692580070033, 171.59568907700435, -82.2047291158786, 137.47005263760474]"
5.54440785036056,13.833188302740279,1.0,0.6271262401304708,True,False,"[0.34833639426516183, 0.09394664962400563, 168.56865628054803, 144.72776297128436, 318.24204137587174, 0.46403988513136163, 0.5528055581901639, 176.22885798029088, -82.8263810254013, 133.8382574033742]"
5.488963771856954,13.834880216747772,0.9996918082633712,0.23543286775879135,True,False,"[0.3672570850758439, 0.12338174414003523, 164.83416216101128, 150.21569619867955, 317.5915940580178, 0.5320643232341168, 0.46156047744159384, 177.51980424329113, -87.4605397895474, 129.49816112157447]"
5.434074134138385,13.837098873471135,0.9995917972764201,0.37741730888470637,True,False,"[0.42514925065720205, 0.14823789751745836, 166.2055385578476, 145.71710494588274, 317.07972126612964, 0.5096209227257933, 0.5302118947290873, 173.8396882845833, -86.78823494722744, 131.11977809963176]"
5.379733392797001,13.822106515581316,1.0,0.9504846604042058,True,False,"[0.3701013029084777, 0.1383280653266925, 165.48824608243504, 147.87340163642475, 316.41603904225286, 0.4770528964463257, 0.524265584063003, 171.38369281377422, -93.28913071100928, 130.6761533984908]"
5.325936058869031,13.847728261692065,0.9952008032705422,0.7092833358309142,True,False,"[0.3262515214027869, 0.1217683723273723, 164.4167295100181, 151.1345510016904, 317.144252810831, 0.397531827171111, 0.5707625239919695, 172.92977434890284, -86.4869889600499, 128.13862505291436]"
5.272676698280341,13.85350038005618,0.9989058763863978,0.7832290610470329,True,False,"[0.3156497926501014, 0.11097251324084176, 161.4327864877552, 153.4790597284185, 312.54716116329627, 0.3983729738953006, 0.48693544803213673, 174.81526111241564, -79.65599175171663, 128.20893137902252]"
5.2199499312975375,13.905252126122555,0.9901347611998509,0.8950140531133186,True,False,"[0.2311063944314981, 0.19404762020005042, 161.47694990132217, 155.5684415161862, 314.2751257453907, 0.31288886385680825, 0.44954057122041885, 176.5788081715, -71.4091998028257, 127.06797592519602]"
5.167750431984562,13.86040754925277,1.0,0.3181738557588122,True,False,"[0.14141242928542902, 0.1228362438719854, 165.07801340322067, 146.92911131061243, 318.85609481594224, 0.36751031548873814, 0.4906527035656214, 176.70406640984265, -75.66561918647777, 127.3430494831732]"
5.116072927664716,13.899384480800705,0.9924104220057532,0.6636140339024397,True,False,"[0.11869581551190724, 0.1782824588085974, 169.2239224375837, 144.875154349019, 322.66807619519665, 0.3336007192678117, 0.5731348033848829, 176.4256171981937, -71.58503277196863, 131.76010726596292]"
5.064912198388068,13.969547514771547,0.9862427438919702,0.8149949078884822,True,False,"[0.13862241792799962, 0.23430191255681612, 173.43500838342948, 143.129102630277, 327.6463595941965, 0.372676414741003, 0.5231248834217984, 178.10284205220412, -68.19190655626848, 134.71311065740232]"
5.014263076404188,13.88078537228128,1.0,0.8250365199283186,True,False,"[0.17518526537938373, 0.27168297337672176, 176.72422089453, 151.46017116815227, 330.3494629243924, 0.37029144352922383, 0.6209113598466763, 175.62896633116225, -71.51251492293974, 136.2498775122578]"
4.9641204456401455,13.87381880967082,1.0,0.2736923753037611,True,False,"[0.19871716898906874, 0.2439310663888274, 175.45167130975744, 154.3728774431823, 325.5165841208607, 0.33950875653032575, 0.6650875776035314, 175.00406173539625, -81.11910301803825, 136.98885504202073]"
4.914479241183744,13.886865241393014,0.9973488279706636,0.8819834539366689,True,False,"[0.2179549449301363, 0.1764368994836657, 178.77216599924455, 164.26537794853238, 321.83938526201115, 0.24193722209331636, 0.6769317273585156, 171.39609587076035, -73.2711104916124, 141.08809143824192]"
4.865334448771907,13.895172702193932,0.9982939770097782,0.18197612657225337,True,False,"[0.25752732365815356, 0.26530350253563456, 181.0408434410107, 165.41779060272663, 317.8918193748715, 0.294559855632758, 0.6737133632130431, 169.14389769317052, -68.75702738336382, 137.46739146289815]"
4.8166811042841875,13.93070874557885,0.9926494452904274,0.34079008287994694,True,False,"[0.35556298347269605, 0.3532425954513844, 178.89262675981712, 171.8866906987459, 314.53256949329614, 0.37428161109967795, 0.7236347042181919, 172.0192040135747, -60.79835093398545, 140.1774851775061]"
4.768514293241346,13.932873938732326,0.9995460427440089,0.5275626908172493,True,False,"[0.2765900121205519, 0.2952543445821328, 178.19359498387104, 169.76256126589567, 318.5878313950782, 0.30526295206810367, 0.6801384310655529, 176.84704130825224, -52.80512614591902, 144.47962207703804]"
4.720829150308932,13.967700610221907,0.9926499088588282,0.7673885600630405,True,False,"[0.23792274875985858, 0.38951546566102424, 180.63801033064155, 172.72946559672596, 315.232600757211, 0.36405411630276974, 0.6271103643237782, 180.69439673755062, -49.98586398924223, 145.1046867027282]"
4.673620858805842,13.94833005594539,1.0,0.16302323670569396,True,False,"[0.16692775851193, 0.38864006355624975, 185.53746665752817, 169.42644495965877, 310.3517657204709, 0.3422872422617149, 0.6119247074513199, 177.50878094891982, -50.24769258280257, 148.4940388201196]"
4.626884650217784,13.960003645668625,0.9974801887665619,0.514966523404031,True,False,"[0.17824320454006692, 0.3108500779079027, 187.27018114092465, 168.1306704463646, 311.85040031938024, 0.36053789358305954, 0.7035639891792641, 173.3457092137036, -46.19085914358185, 152.72960709206242]"
4.580615803715606,13.936696324296637,1.0,0.9291205782414911,True,False,"[0.2344713053292943, 0.3617403774279918, 183.51293307697182, 169.2225681944026, 314.13972879273535, 0.27362901504132775, 0.7579808668353467, 173.16099478297608, -37.983561347392964, 150.7990447381342]"
4.5348096456784495,13.921362111242171,1.0,0.9066146514783401,True,False,"[0.26669381839487405, 0.312272394465426, 187.52562542841767, 170.0469622934411, 312.3555860068444, 0.2706383679517015, 0.7394762026106199, 170.8793214565159, -33.815381047955825, 146.57603354296475]"
4.489461549221665,13.948415948225641,0.9939920442712277,0.4656630887353218,True,False,"[0.2108187409698901, 0.39477536216454423, 183.10379611500807, 175.163743057455, 310.4599672100386, 0.18641558417332166, 0.7464497050216851, 172.16332507604483, -42.06065477127545, 145.38936452851266]"
4.444566933729448,13.906201970012589,1.0,0.9751250894654783,True,False,"[0.2578743902569516, 0.4092881132689412, 184.27004956748254, 166.59959466563893, 313.13893042960814, 0.22516956815101907, 0.8169356824556565, 171.2704875726119, -48.82594806326136, 143.24942482506617]"
4.400121264392154,13.928574417310108,0.9949283972422206,0.5917659559771824,True,False,"[0.22987932422495336, 0.4806333974038812, 179.7061540334427, 164.09160760312963, 309.3344772966332, 0.22063219793785846, 0.7243366706654455, 169.9706394742828, -50.02657236865693, 141.48255833614147]"
4.356120051748232,14.017611744903048,0.9797678780236981,0.46779747307546204,True,False,"[0.16998292341630447, 0.5036089723849352, 179.87332849875543, 163.67855771227423, 312.09961398068685, 0.13741368732529968, 0.7014362564721216, 169.0428082964375, -44.523494295456786, 145.9899334476549]"
4.31255885123075,13.906375239464092,1.0,0.7753464945254779,True,False,"[0.21330119432487432, 0.46073380300277356, 179.63063127583004, 157.87632610725336, 310.8828085319238, 0.1974938801257945, 0.7882038597683982, 172.36364523304428, -49.66827689648062, 141.785052724271]"
4.269433262718443,13.890199063545314,1.0,0.6660069254747772,True,False,"[0.2672226051984087, 0.45971050452295054, 183.1150690348067, 159.59103396708102, 313.90222838083565, 0.22040038595177874, 0.7876893725091809, 169.3888710187101, -52.71801988376015, 138.51540171371292]"
4.226738930091258,13.915369007266614,0.9940627632743414,0.09090346701939311,True,False,"[0.24336117235347232, 0.4969600866091043, 185.77513560746493, 161.19056491346157, 313.94494907673635, 0.31771418276867225, 0.8526920488253054, 169.7242624452941, -61.38483466194008, 139.7724514943931]"
4.184471540790346,13.936808399792916,0.9948895426848058,0.381976199234789,True,False,"[0.1497617214555656, 0.5471854153930564, 183.91366631119251, 162.25613451653373, 312.267188143078, 0.2807351060454693, 0.761899239498571, 170.89426831318266, -59.42700049962137, 142.9019748430233]"
4.142626825382442,13.988544793796253,0.9875888718912568,0.6027739488485996,True,False,"[0.15848791100745668, 0.582021629165428, 180.98808036007662, 155.40054432090378, 311.40825798948515, 0.34743195263246074, 0.6724034210806973, 167.54798154561658, -54.0796624644332, 139.38462789800772]"
4.101200557128617,13.955432449859465,1.0,0.5632622667144875,True,False,"[0.22387083536862892, 0.6369740854074474, 181.98105686829288, 147.10722762840928, 311.749596226453, 0.407898718923294, 0.7475114667055978, 164.74667767946718, -53.40200435786859, 137.25071629412014]"
4.0601885515573315,13.943539897357358,1.0,0.02829352607393487,True,False,"[0.2739472054833693, 0.5910941945198664, 181.6490409226049, 150.79562479180058, 312.7039003440882, 0.4291038172493084, 0.7582424163299358, 160.41854392834782, -60.42078805712782, 139.75385603170653]"
4.019586666041758,13.911866239498877,1.0,0.9959364595291583,True,False,"[0.20940994307475716, 0.5932777882284643, 178.08396402355223, 159.31016781499227, 308.8704893570473, 0.45600542782875475, 0.7681262398417852, 160.95627302539543, -67.84135222615086, 144.66369068495797]"
3.9793907993813407,13.889358546459711,1.0,0.9517647264660702,True,False,"[0.2495183806637413, 0.5320016404035367, 181.9477718789827, 158.95241013586073, 309.648828538978, 0.5369168007827851, 0.6697158199251546, 163.28612739973002, -59.46542193250215, 145.6957504450141]"
3.9395968913875272,13.939931356654224,0.9872449915009791,0.4499780295607949,True,False,"[0.3292542726205145, 0.5979997173250218, 183.8912332846041, 157.17902076820343, 306.3783067695544, 0.6052324354796321, 0.7531006034667111, 164.07022237667795, -51.91218744932218, 141.33165561279912]"
3.900200922473652,13.936532987127904,1.0,0.7240945662687338,True,False,"[0.4086939708078182, 0.5213352507002881, 186.4340538216934, 152.94315935967876, 303.35746052446706, 0.6208048682965795, 0.6881034853564569, 166.85859564597644, -56.023597126841494, 145.62152388994642]"
3.8611989132489155,13.945763072824093,0.9976123834693209,0.2085903666783696,True,False,"[0.4678607132848973, 0.42593644168500633, 185.8447464161834, 157.8971507337283, 302.32860368615445, 0.549511280235651, 0.7748948611000015, 162.32034010664475, -51.18100495301486, 149.6076302021144]"
3.8225869241164263,13.967241635885829,0.9943969008744111,0.8142275720073218,True,False,"[0.42116917188056724, 0.37705426678109394, 185.7312027064475, 165.4387386680864, 305.6445169391406, 0.5257087239605176, 0.7576903969837889, 160.65020335861294, -44.61054785402011, 151.01981019580944]"
3.784361054875262,13.976339521316435,0.9975988130993267,0.4844761119784893,True,False,"[0.3917178742113391, 0.31365189933370874, 182.35021169557396, 162.6995065166993, 308.24588390890864, 0.5179734055876892, 0.6941693023718131, 161.28323096631667, -50.34376744578393, 153.78662966554188]"
3.7465174443265097,13.911719848686191,1.0,0.7750809855208295,True,False,"[0.4183231753863785, 0.2647951745782119, 181.7868012382637, 161.83566159825241, 306.5556898003704, 0.596170120689353, 0.7350607088435296, 163.88455039721381, -48.38881684152804, 149.8093366147607]"
3.7090522698832444,13.906118282686228,1.0,0.8450694754039796,True,False,"[0.5114216177928388, 0.21157816946826663, 178.84062680086367, 160.87348203987716, 309.3125047838255, 0.6182306342810323, 0.8227630910660645, 160.63445721029606, -55.35582213375726, 144.99356085336765]"
3.671961747184412,13.889598120829469,1.0,0.23785852334838142,True,False,"[0.5905314438030483, 0.21352774171390188, 174.935782956966, 152.81508737418895, 310.888736150425, 0.5577246792630809, 0.7521587867141226, 161.81504855977587, -63.71535130433048, 142.72644683775107]"
3.635242129712568,13.913891184725795,0.9933396256760896,0.11620965271125738,True,False,"[0.5806324259247281, 0.21854057251435496, 175.68246589054823, 162.28834111085285, 309.10918517178163, 0.49474739355773295, 0.799708501051261, 160.25706716593467, -68.71213796854246, 146.21355383544895]"
3.5988897084154425,13.91566854093994,0.9995062595562317,0.4419930802289249,True,False,"[0.5993510410875248, 0.2901107016294311, 174.81677917771717, 164.71776239210502, 310.5439246852924, 0.4561128412396301, 0.763109931583358, 160.10535391962057, -67.98487688114237, 142.8988773767668]"
3.562900811331288,13.900912582417778,1.0,0.10793664508778023,True,False,"[0.6266033486956477, 0.2165299293393592, 171.03846532494185, 156.67226842234524, 313.1016846647377, 0.36861215698275535, 0.7738191055727422, 157.95252580990663, -60.676555864000484, 143.17448815365515]"
3.527271803217975,13.904734476776458,0.9989170597684313,0.0577497755836498,True,False,"[0.716457185694042, 0.1246209515672925, 171.35616738332956, 163.77990211904702, 313.69784366796176, 0.30032526072756627, 0.7685111332198895, 153.0323218136464, -57.887563779218155, 140.2867782977473]"
3.491999085185795,13.929181838049649,0.9930234852629224,0.37629344710534196,True,False,"[0.8087057336961723, 0.13674823515421497, 171.96700448466257, 159.82573015560655, 313.5062109930529, 0.39569453865119375, 0.7146115856524661, 153.9350714696233, -51.54352433638711, 141.1667839366349]"
3.4570790943339373,13.908986908027721,1.0,0.08785848399239427,True,False,"[0.7678613850824144, 0.14578828472242944, 173.53664948323708, 162.94434469790315, 317.0900345649513, 0.49118004884031685, 0.6684313238059462, 157.90979269934655, -49.915898281643756, 144.55418760405416]"
3.422508303390598,13.93547913118038,0.9922892942316157,0.8496909193658555,True,False,"[0.8065147953797698, 0.17042226635376914, 176.06801082459643, 168.96595917894368, 318.2171578830865, 0.5725514835164037, 0.5697022413099775, 160.8775369995469, -43.969825627246465, 148.8842172632783]"
3.388283220356692,13.919130440031424,1.0,0.08386909186724623,True,False,"[0.7151480359709613, 0.1715032175845085, 176.41395963107811, 164.98613770025523, 313.9201716560841, 0.6572105371347408, 0.6232360680677771, 162.72384848310216, -44.46594338217419, 150.14434316318938]"
3.354400388153125,13.882867908342604,1.0,0.3279932446570475,True,False,"[0.7853741394881479, 0.10537000424806844, 180.68940546558747, 162.2925285178988, 317.17573851045034, 0.7496998510963955, 0.6438744512158036, 158.11520697741267, -48.71183075185941, 154.2082713721386]"
3.3208563842715937,13.896385613918266,0.9959377253721887,0.9706775145679283,True,False,"[0.781126218145825, 0.1788967044972457, 184.6660387900087, 160.51254410203882, 316.8617630703797, 0.8044708360363743, 0.7336714329783145, 158.84863161757562, -42.37925971671196, 155.82767522899974]"
3.287647820428878,13.908187257547777,0.9964167430752434,0.37771028779747906,True,False,"[0.8628524703249234, 0.15735356413891372, 188.85471720481, 161.96420083407716, 319.2631663057549, 0.7163914235103188, 0.7339027560720545, 155.1515963978912, -46.559656049966314, 153.36986586279428]"
3.254771342224589,14.300947595272854,0.8863244710924681,0.365708238107176,True,False,"[0.8511889432926281, 0.17936605783102014, 187.476519771508, 166.67676574594634, 315.24073468655195, 0.8086906408892371, 0.7952158464543186, 152.6516101259713, -50.46404467582016, 157.66976898220685]"
3.222223628802343,14.39512167081193,0.9711965368999511,0.7172032493428493,True,False,"[0.8738955485652538, 0.1837289573804201, 190.8179495188089, 161.22940226431322, 313.74321471093583, 0.8692877422407193, 0.861632896249796, 153.16829180270253, -50.67634853672899, 156.06054788370105]"
3.19000139251432,14.263754044567097,1.0,0.6768758969008517,True,False,"[0.7844581885618804, 0.2365702928700294, 192.13759495784376, 167.62856915662263, 314.95565374331295, 0.7957485734522995, 0.7688292617586412, 153.444765862443, -47.33144459034874, 160.71817692103687]"
3.1581013785891767,14.227340541003166,1.0,0.9153840937677414,True,False,"[0.7384584426605165, 0.259743079268256, 194.03868367812913, 170.52465808779417, 312.3466083778034, 0.7513084169633799, 0.6891904420506209, 158.14093301088178, -37.80820091998511, 162.40300520430995]"
3.126520364803285,14.263478123721136,0.9885081386093165,0.024044817583584233,True,False,"[0.82992872041569, 0.16563323602488864, 194.3020615737806, 171.25567750846946, 315.2844335253226, 0.8452499519834902, 0.6789947115416657, 159.1526341642901, -45.84929145109879, 166.82359603527502]"
3.095255161155252,14.254855207365436,1.0,0.339338058136021,True,False,"[0.8381677102028405, 0.11922076586695884, 197.4974315223636, 178.40238097137916, 316.58491097533596, 0.7884594855344645, 0.7524579350636758, 161.15099912012596, -42.679840414444165, 163.98448570195646]"
3.0643026095436996,13.903483074280533,1.0,0.511828972958346,True,False,"[0.7614378982814227, 0.21867267220875433, 193.72685710616963, 170.97977391037105, 315.4128352892314, 0.8138614190881517, 0.8491491530949422, 165.99930455394298, -48.802405185765735, 165.8245823228603]"
3.0336595834482627,14.258283122856422,0.8896256969482085,0.9769035018884613,False,False,"[0.710994365244577, 0.15310954269620033, 191.5110190348059, 166.45192006767564, 318.41696871848245, 0.8083232580582596, 0.8142632199877531, 162.2023853477197, -41.75123139509522, 167.84083015280063]"
3.00332298761378,13.946026355795873,0.9859344539120375,0.7692934853504931,True,False,"[0.7608890370992981, 0.27043647407900706, 189.35295763790594, 177.48083609980793, 313.83445003387925, 0.8332430826243807, 0.7675601702509547, 168.12115830185164, -38.98323624534276, 166.59987638300862]"
2.9732897577376423,14.283987313280965,0.8925563188396616,0.168572562723722,True,False,"[0.7027933749263975, 0.31490906845689987, 184.98512875278212, 173.47820819727946, 311.00941224980795, 0.8120880606369274, 0.7752610348600587, 165.64104116516242, -44.570906692234566, 167.34970406783725]"
2.9435568601602657,13.936285437318377,1.0,0.7559178622235636,True,False,"[0.7931350982473914, 0.23038806835550457, 189.17092130928918, 174.09539056594025, 313.68275724994226, 0.7402663384680462, 0.7651972064750177, 164.75442785151705, -49.79264106342894, 163.37888339918334]"
2.914121291558663,13.981665404255978,0.9845481875617066,0.03433881227500224,True,False,"[0.8520103232706429, 0.3289284492462995, 185.53483517748344, 171.6538072707739, 311.7347113958795, 0.8024381874481927, 0.6656137373989168, 167.6181116750929, -40.151575500173465, 166.95549328200386]"
2.8849800786430766,14.228570037613153,0.917977144038567,0.5868585500616276,True,False,"[0.7535148594141139, 0.40856245693006393, 186.72834412540445, 168.05707504080573, 309.9111663088983, 0.7540454106137295, 0.7188639051806094, 165.33854988329736, -44.9176139880248, 167.5091855702256]"
2.856130277856646,13.937664348138924,1.0,0.4502773998538686,True,False,"[0.7422618504104805, 0.34307800286741874, 190.8627452051162, 173.91424780893485, 312.48532756266377, 0.7906414634802559, 0.7141238808674497, 169.99507439225445, -54.20899967422241, 168.11467874525783]"
2.8275689750780795,14.279807446361463,0.8860316870679439,0.9379979071261554,False,False,"[0.72572329371527, 0.31181452234278867, 185.86321471307025, 167.7502784874439, 314.10821191511155, 0.8411487475447419, 0.7615457031964574, 167.23743035961004, -50.286782344821944, 168.35916574858533]"
2.7992932853272987,14.039038830763443,0.964433580882286,0.22666449059714888,True,False,"[0.7806424341842275, 0.4318265843382768, 193.59745765956873, 181.55794188129985, 308.95761282113136, 0.8045911668959365, 0.7169055212350952, 173.84061842069912, -57.89082964237668, 168.69681720125013]"
2.7713003524740256,13.94890664424831,1.0,0.8676944101808907,True,False,"[0.8327545872106809, 0.49838156063830785, 195.77135603777157, 172.9697178088805, 313.0398359753161, 0.7586548232045948, 0.7429278651257749, 176.13060675897287, -66.32596046762438, 168.7273219699161]"
2.7435873489492852,13.937331650170737,1.0,0.28383125475234106,True,False,"[0.8491232030016321, 0.4474613408353914, 200.21883307628153, 177.85142200289545, 316.13850795282906, 0.6866494118300391, 0.6621229749486638, 176.01997733232835, -70.10840293642498, 164.92894930605584]"
2.7161514754597924,14.032611509829259,0.9655291428232766,0.6107799622605274,True,False,"[0.7941108234488503, 0.5366101129726035, 198.0740891522677, 187.1465782109828, 318.517274824074, 0.7532907946672831, 0.7311073233515024, 176.84621195028402, -71.1236552411621, 164.16329062988984]"
2.6889899607051944,14.011388712198436,1.0,0.5155287036294406,True,False,"[0.728151834122659, 0.5498098423961076, 202.95739307586447, 188.21087864605394, 322.0950251787773, 0.8147059147668735, 0.699285287832432, 178.1874744889487, -68.61233921563901, 167.18829504940277]"
2.6621000610981422,13.9976387661846,1.0,0.475947711431282,True,False,"[0.7509674658558182, 0.5645060957872916, 205.72733962231013, 183.64799122960426, 319.8133014122858, 0.7718743622657337, 0.7590734346674918, 173.51949336109237, -76.93250816714821, 163.3615695519724]"
2.6354790604871607,14.017157550016503,0.9926211964275982,0.9213663343721132,True,False,"[0.8169090564590594, 0.5850373951770431, 208.43675880795465, 182.69441389796702, 318.09299429215474, 0.8018702869984821, 0.8183154909782513, 174.74789368551797, -68.26246978595057, 163.7791578363127]"
2.609124269882289,13.99741002774065,1.0,0.3034560643641345,True,False,"[0.7302896221709252, 0.6849497122160267, 210.7482131756217, 185.3458754420221, 318.75282072494025, 0.7040416626690557, 0.8825869478337314, 179.48390008423084, -77.0264082971799, 159.27706001452287]"
2.583033027183466,13.971293332215517,1.0,0.8443596912127584,True,False,"[0.7003516814107229, 0.5959357982111353, 208.38403424656497, 175.97419050923392, 314.47880528432285, 0.6461959715845482, 0.8887861779072448, 180.64962333262727, -76.79899570570406, 155.8970145806109]"
2.5572026969116313,13.991281989536036,0.9922138598075375,0.20135257632405812,True,False,"[0.7787452857737809, 0.5325631755395281, 203.52975407043093, 178.99554274007315, 311.8550419422439, 0.659135628624658, 0.8286732721813224, 175.97464389293515, -82.15133139293995, 155.58111230990804]"
2.531630669942515,13.918436771935408,1.0,0.2445417078363259,True,False,"[0.7091327027865295, 0.5054836778203797, 205.91377230455745, 180.01673801763738, 315.92344290391947, 0.6037673358656453, 0.8554250248230316, 173.89378901290974, -80.58873638852967, 158.58981561090545]"
2.50631436324309,13.97897904403664,0.9761335214157094,0.897432869318825,True,False,"[0.7754746381517804, 0.5690681564789932, 205.478737105713, 178.62902420745573, 315.56916298237695, 0.6558846171698902, 0.8115935364823699, 172.69002262535352, -76.43417341291273, 159.57312960934235]"
2.481251219610659,13.924077868095218,1.0,0.9944779658422113,True,False,"[0.8375042533823505, 0.5403916343884626, 205.18408382309232, 172.6876864540681, 318.6421510809865, 0.6794924618898929, 0.7497671277684379, 176.0024428326744, -74.54808156414418, 160.65124176811483]"
2.456438707414552,13.953570127177272,0.9880656814930204,0.16975666526811917,True,False,"[0.8125658658601543, 0.5272305016099958, 205.9635167729127, 176.1275250725301, 316.9192789221664, 0.6560302332783974, 0.8132532265803971, 178.2399921550357, -78.29012716967586, 163.50516882557994]"
2.4318743203404067,13.959497694916209,0.9975655199425597,0.08503866747457645,True,False,"[0.7600026662496789, 0.5785766617563406, 207.98540414561415, 169.6970927460268, 318.76479701201225, 0.6298355655208576, 0.8367086090743262, 175.67470174656177, -84.01689603140323, 161.04934289664604]"
2.4075555771370025,13.947690889092254,1.0,0.08460588526392687,True,False,"[0.7415247036694793, 0.6435152925919149, 211.18918408575945, 160.87040972849047, 316.3634948802052, 0.6440754167722805, 0.870897822968551, 180.65851670963568, -76.69612271453258, 158.76624967609888]"
2.3834800213656324,13.937755220835317,1.0,0.07787955423269421,True,False,"[0.7344430318985655, 0.5674694311201727, 212.96890873955704, 156.9487236886525, 313.3270140049946, 0.6992400091700491, 0.850191450357684, 177.15268482462568, -84.93534688794206, 156.00659973248452]"
2.3596452211519763,13.84348800878801,1.0,0.5407779106517113,True,False,"[0.6648374927832549, 0.47385265700823836, 209.82436176015904, 164.17784883400003, 312.98771663411156, 0.7474086664562163, 0.8732847262874746, 172.34937729611525, -87.87340353025812, 155.28136901465928]"
2.3360487689404565,13.816094286933588,1.0,0.5427235937190616,True,False,"[0.7443967948591446, 0.41756344910567433, 210.96919787608277, 158.45698153615479, 312.53434824424346, 0.8207194022506641, 0.792626590715606, 170.03537906189516, -95.51873220049245, 152.53732145377373]"
2.312688281251052,13.93014714094531,0.9518801568093547,0.7343986519234872,True,False,"[0.7300693649662384, 0.5067702074892952, 207.26792337468746, 165.17863587195686, 314.352887926597, 0.8510591491486257, 0.818776292057483, 168.51495202270934, -99.60966461627324, 155.26408118616615]"
2.2895613984385412,13.908311143273167,1.0,0.8180140797024953,True,False,"[0.7371242138633213, 0.5610469671501679, 211.70614245875402, 159.98008507142958, 316.6195198089692, 0.782219825942082, 0.8660924616582291, 165.95948454007075, -104.0597448922099, 153.56087585026248]"
2.266665784454156,13.811204963192974,1.0,0.29418863463560385,True,False,"[0.8371139232637781, 0.5757575715914366, 213.17183567895304, 156.8894406631336, 320.5522524262996, 0.6823659433851732, 0.7910632444715581, 162.11987884625376, -103.23608739481179, 155.06526340893856]"
2.2439991266096144,13.854007035624413,0.9811067431887948,0.4665025851682636,True,False,"[0.7920646777450875, 0.5206957872931989, 209.67726957726, 162.2765432659624, 319.6857320553236, 0.6261303562080524, 0.8035557970629227, 167.0684048659832, -102.26202734909816, 152.49487394275468]"
2.2215591353435182,13.856155218164128,0.9990334966891123,0.0632108362884406,True,False,"[0.7247744348613226, 0.48518134133874413, 207.90985644173895, 172.0533530834014, 318.94036830186235, 0.5649140774383248, 0.86227815691422, 166.61601921026832, -104.56817127386785, 150.92440995092963]"
2.199343543990083,13.887975229224786,0.9856361995160704,0.4119182893762606,True,False,"[0.6806016661068357, 0.5451730611911636, 206.05029208253913, 167.79490583560576, 315.30126654605596, 0.4849901060061111, 0.8640799589341717, 162.08138393617668, -95.4756394890799, 148.36948672320452]"
2.1773501085501823,13.860549706559832,1.0,0.8190080568034462,True,False,"[0.7104355548581286, 0.4985732893415137, 202.78722758225518, 158.53739863347892, 314.24300483267297, 0.397805716905408, 0.8481621901482479, 160.3167087506995, -88.52780946851314, 147.83593104279703]"
2.1555766074646803,13.861298582236063,0.9996526471830923,0.9347317809057121,True,False,"[0.6799186570446056, 0.4919261335039286, 202.21865598330754, 165.76691985241905, 316.79892651431686, 0.33894574534158006, 0.8627717312514082, 164.05698224593635, -89.26537647432835, 147.8232763985622]"
2.1340208413900332,13.855007693044804,1.0,0.3732199617779437,True,False,"[0.738307343855487, 0.4507636276987058, 199.1301487821669, 163.84411073947552, 318.11266947173294, 0.29850810660183386, 0.7628619676488779, 164.50688817482649, -82.42669505163683, 146.82979025812892]"
2.112680632976133,13.835608216500248,1.0,0.8705982862244971,True,False,"[0.7138883212899798, 0.41340840875798884, 198.09689519269753, 156.89314787200723, 316.9127632726799, 0.27334911208884494, 0.8442541946918426, 165.38136904917388, -87.01940676298393, 143.57751681231846]"
2.0915538266463716,13.822512440180839,1.0,0.9041335524188753,True,False,"[0.7194050592488358, 0.35695268801093627, 202.82804652329062, 165.64008338998056, 319.56421421380793, 0.2968489919928227, 0.7998909243112106, 164.64060845544543, -93.7764855122909, 139.75306913663667]"
2.0706382883799077,13.824137713972954,0.9992153935732326,0.972910211539731,True,False,"[0.7506140915900215, 0.30760878827185106, 198.08876045601605, 172.04228400472098, 323.976094985883, 0.2527802738042614, 0.7054611502835877, 163.00702956144065, -96.14394037726836, 141.97338181369034]"
2.0499319054961087,13.840783687281444,0.991912623516746,0.21357501720826622,True,False,"[0.7215847336353589, 0.24867583006587138, 201.33406012855482, 177.1469620537555, 327.87475172913076, 0.15304731142611458, 0.7250597703088298, 165.93534602411708, -86.83045433754032, 143.71716076585994]"
2.0294325864411475,13.878785319254384,0.981448978583269,0.697605148034908,True,False,"[0.7818814390434965, 0.19914555728347388, 204.33455164477238, 177.57646861794723, 324.561732330147, 0.1323418149386344, 0.6722961679924367, 163.38082229814913, -89.1456257492308, 142.1714060430907]"
2.009138260576736,13.825614531041698,1.0,0.8303769563523907,True,False,"[0.7338049716558395, 0.2845438074908815, 206.6004294924044, 175.88684025073673, 320.99547391680875, 0.20181725700992711, 0.7279922136989995, 162.98789011432174, -90.10792069599471, 140.55649126738064]"
1.9890468779709685,13.797411921218135,1.0,0.24059434190984175,True,False,"[0.6400036401662914, 0.2935528323696004, 205.83365925106662, 166.9223113987508, 325.0684466796876, 0.2230005930077112, 0.68258304110525, 164.63300111658924, -96.89862819215026, 142.68214605105905]"
1.9691564091912588,13.842551410254767,0.9773374794471194,0.6342606801731571,True,False,"[0.6230682950725743, 0.21422696514994807, 209.72759599331172, 173.78374964043297, 325.1756201055972, 0.2544580577683171, 0.6294007748982537, 159.88235612108946, -97.43421406688164, 145.66576613066755]"
1.9494648450993461,13.834955472684921,1.0,0.6619060037293645,True,False,"[0.6659026202673349, 0.1997784671845509, 210.59491111714942, 166.58587546080884, 329.6307349297326, 0.21609225899192958, 0.6091826946179341, 156.0500496753378, -91.1064683358091, 146.45222511952525]"
1.9299701966483527,13.84467691337242,0.9949755711989133,0.7713049484955821,True,False,"[0.6403640520546625, 0.2838836719840353, 210.76845683692144, 163.63777204323299, 331.6472051034168, 0.28477674877188497, 0.6292651595789885, 158.7932188166175, -91.98431950719021, 149.19005424731944]"
1.9106704946818691,13.816885427210016,1.0,0.0699090349856809,True,False,"[0.5532250348117906, 0.2508075028781233, 210.51131292129065, 166.0948234887445, 328.91384222251696, 0.21920322423725994, 0.5882603405315889, 154.30041020403235, -87.7665268518398, 145.44238056718308]"
1.8915637897350503,13.81117901613586,1.0,0.769913280096657,True,False,"[0.5430230618649982, 0.16319642362705095, 210.73354393451365, 169.12528139816143, 326.39950566753447, 0.2363569993271054, 0.5342128327501061, 150.89702555807992, -78.02521223147322, 142.6483354663312]"
1.8726481518376998,13.815676811564382,0.9976010452040854,0.559892592568191,True,False,"[0.4591964129966177, 0.11778245818971858, 208.75232903011906, 172.90700138510653, 327.95394432861616, 0.25376652937667105, 0.602461935457784, 149.94136694249832, -68.14953325852, 146.4908510976678]"
1.8539216703193229,14.23426887707329,0.7978877525382276,0.4150441252888367,True,False,"[0.40591193204155124, 0.10752625432871062, 213.02039524451126, 178.66089402499128, 324.58107421697076, 0.19757555179258524, 0.5824343955070411, 148.37204538461947, -63.496251824932166, 149.1988637928023]"
1.8353824536161296,14.22975053054575,1.0,0.30411897119599907,True,False,"[0.40947453531675065, 0.13071548757293566, 211.10713983447434, 180.80034508778337, 319.61086128944646, 0.24703874724865607, 0.4845533608116215, 148.43595567723764, -67.77523642357106, 153.08567293106546]"
1.8170286290799682,14.265198301411496,0.9806804148025152,0.30656029323879763,True,False,"[0.36508541122282584, 0.14650821064078753, 208.3527539479182, 189.79189391918908, 320.72633497363597, 0.19119503343161992, 0.5497761663742777, 152.44922911316348, -67.63744738340638, 155.81044237216383]"
1.7988583427891685,14.265623187665605,0.9997638301641825,0.016986149348206525,True,False,"[0.3858495004648457, 0.11481973289258805, 212.39074023895844, 194.51633732747482, 316.5526350517172, 0.20069440988611942, 0.6174747799800071, 154.0097498349127, -71.86625065547716, 154.56966497931688]"
1.7808697593612768,13.838777118447823,1.0,0.464934619735241,True,False,"[0.40614374764360056, 0.12104228970560245, 216.853616380611, 189.85002497731952, 317.278265188406, 0.295982925287951, 0.677825394014093, 156.62819829598604, -76.32941119359103, 149.89065239589394]"
1.763061061767664,13.885154668709518,0.9740378361873782,0.9812703245430429,False,False,"[0.41971253558850197, 0.15850489452775585, 214.36786265868142, 188.11747414730743, 314.08089230088615, 0.36997597447017777, 0.7645303629731465, 160.71457328945954, -76.40837081859351, 153.77586199473197]"
1.7454304511499874,14.240428892028438,0.7944413054572587,0.20321295670843076,True,False,"[0.3629805305407921, 0.2164212288124996, 215.76004596598673, 189.3767398993743, 321.6643721437876, 0.36208607235935586, 0.7483940523127476, 151.95259952219405, -85.14723182179439, 153.78157902985026]"
1.7279761466384875,14.215911278433763,1.0,0.5731537800823937,True,False,"[0.31997548396704845, 0.19216537055215438, 217.31147255415874, 182.9896789924827, 321.1515441820874, 0.42192807071146654, 0.6876099950758496, 153.49031983251993, -86.04919783413855, 153.71341560662427]"
1.7106963851721027,13.852660658255756,1.0,0.9122080774972186,True,False,"[0.27032790407590646, 0.27311874757110766, 218.35269855035858, 183.6492583839622, 316.38525360095133, 0.3700559076474541, 0.7571740715625214, 158.1047628333849, -94.41679827950193, 156.10569894593215]"
1.6935894213203817,13.862033157509888,0.9944811813770102,0.8905122401136206,True,False,"[0.18470823657866675, 0.17422739954384037, 215.13913963692207, 181.89542357440928, 313.6272011037959, 0.3072802051600607, 0.7703601969738471, 162.7668753975906, -100.620485697502, 153.14112035240854]"
1.6766535271071779,13.93626621022253,0.9566912776361074,0.602465513450691,True,False,"[0.13384956771425136, 0.24375817603763555, 212.7737053828678, 188.40310206068654, 308.6992308384249, 0.38302181464534213, 0.6881159947179344, 164.94292691713113, -90.92987907347143, 156.53299593662982]"
1.659886991836106,13.903263795318765,1.0,0.7334523783804412,True,False,"[0.17518346049793307, 0.15493983138470258, 215.96033471035577, 188.25050911759013, 312.1110009439619, 0.44381925744409084, 0.7646208939825507, 166.89725143233053, -87.37921613695903, 156.2837433719476]"
1.643288121917745,13.944076843676296,0.975469671435911,0.7457714294305807,True,False,"[0.12322058499025959, 0.10455364221003054, 214.8072056964349, 190.57345075187013, 309.74642110339016, 0.5193222857650115, 0.785050920894756, 168.1086434421778, -80.74998767914894, 154.27935564170568]"
1.6268552406985677,13.861142532288062,1.0,0.997464049306126,True,False,"[0.22051229733486172, 0.11259945400987383, 210.4442208813337, 181.07991795225766, 306.48450794434456, 0.5328070745612439, 0.6893962694580326, 164.45293290308166, -79.99040523094793, 159.1620472372573]"
1.610586688291582,13.89729681049217,0.9778021858656047,0.7578189902039004,True,False,"[0.1883085044467679, 0.10129117528705109, 205.5219415741866, 174.77681637232104, 305.93491913749034, 0.5962039338202699, 0.7230005887426445, 161.7308010781834, -84.67825958001647, 159.24807380359226]"
1.594480821408666,14.190661895364617,0.8319459188605058,0.9913622026957224,False,False,"[0.2608396893050572, 0.12637125655492568, 203.96802630713918, 176.8262668432534, 306.38500050367867, 0.6298254123948714, 0.7475714801471844, 156.83631382764764, -74.71003132507434, 157.69514379351764]"
1.5785360131945794,13.882011688951012,1.0,0.7099813575246472,True,False,"[0.20520844282326578, 0.11534376833458368, 200.53645600373872, 169.31201812448236, 310.7515684082041, 0.5611332758765347, 0.7855467741372544, 157.7534194506796, -90.32138166329533, 154.82990681892278]"
1.5627506530626336,14.181665278329646,0.8255152538689772,0.22248242226132675,True,False,"[0.2527837091577436, 0.12468972507245547, 201.842108859616, 162.919307533138, 312.2086706886906, 0.4945304772653907, 0.7518244669383448, 154.88986585275381, -93.97508642398661, 157.72930244086717]"
1.5471231465320072,14.233424083913826,0.9670985542523449,0.8272638472328137,True,False,"[0.23695695711744397, 0.18565424581768158, 203.0371978016048, 160.9249987938141, 315.27498709605374, 0.43565680484347313, 0.6764974190053767, 156.42418412266252, -98.5694549248114, 157.03773213458453]"
1.5316519150666872,13.80545185900456,1.0,0.01910704866455626,True,False,"[0.30780549653723305, 0.13859894763932326, 207.74654475795555, 152.001312778395, 317.75524851596845, 0.4928901699438418, 0.5880133785107333, 160.256287841463, -95.09334432405495, 157.1225056263026]"
1.5163353959160204,13.851080015888453,0.97035715759929,0.8788406379801618,True,False,"[0.38911069407085264, 0.1147247169186244, 205.1285929743031, 146.57685232882693, 315.1927408368338, 0.5389254025390107, 0.6817303180905571, 162.41740423881467, -95.92923417157438, 159.1903546996674]"
1.5011720419568602,13.820631995155516,1.0,0.08555310565594199,True,False,"[0.48904684082521477, 0.0944204623830881, 201.67582572428753, 152.44813692608307, 319.34688243505985, 0.6256829937544607, 0.7319057179819779, 159.70956608544566, -88.7396240103894, 155.21632131691422]"
1.4861603215372916,13.824366663689565,0.9974901900804181,0.23658126413696023,True,False,"[0.49123981066720107, 0.19151110502615357, 200.83708565814288, 145.01409679783154, 318.7203007949388, 0.652562828212007, 0.7987417251842726, 159.71703820745554, -85.47560905672637, 153.64474569334632]"
1.4712987183219186,14.127712303875182,0.8136903212337311,0.6731748306988087,True,False,"[0.5314028179140308, 0.15644694271836085, 197.58223959086178, 143.8111038331098, 317.7137271597588, 0.61822628458395, 0.813706743299451, 158.01608430426032, -76.13118838466777, 158.06633515163253]"
1.4565857311386994,14.040207595013563,1.0,0.17967735196356394,True,False,"[0.44579766708760427, 0.11552332226897331, 200.78248566262693, 140.22176985094066, 318.2397298918813, 0.5431380481124727, 0.8917607001343848, 156.14508071604365, -69.11377559638252, 162.84359672105498]"
1.4420198738273124,14.138383911352413,0.9341834013823744,0.7939995147819436,True,False,"[0.45585273001471044, 0.1919431587430543, 202.622493058725, 148.01377962604354, 318.1611100963743, 0.6109077641497752, 0.7977655150894138, 155.4921529275393, -76.43805632462143, 162.69421155983662]"
1.4275996750890394,14.137189786746454,1.0,0.23945691457647644,True,False,"[0.5303301046136175, 0.2788280594795148, 204.735434725609, 138.2673486129768, 314.17013797732784, 0.5679604945105454, 0.763579940966481, 156.28873654500944, -82.72383386575132, 161.36301888949507]"
1.413323678338149,14.175964996432672,0.9729374570856726,0.13926440068208135,True,False,"[0.6301377480596476, 0.3281436126667047, 204.26140244316545, 142.48528419950628, 313.3732026076078, 0.47192866857540516, 0.7003942536146717, 154.9851655679993, -87.42007064986596, 158.05660439147567]"
1.3991904415547676,14.202583050264312,0.9811559159893067,0.5227764688895584,True,False,"[0.5689972323669076, 0.31318316195858964, 203.75567731726173, 147.03411516211375, 312.8843469183104, 0.44202563078587526, 0.6771010526757123, 151.3831761227702, -95.47793375232375, 162.60122722902108]"
1.38519853713922,14.192934218935966,1.0,0.5370144174579061,True,False,"[0.6404919080671492, 0.2542208134162184, 204.6205839431767, 143.02201750868545, 315.3934839951654, 0.5142509801765016, 0.5951710213226091, 153.45395310907725, -88.40891383872184, 158.49381800429597]"
1.3713465517678276,14.197608155628902,0.9965975189279932,0.03828726663557003,True,False,"[0.6545018792959639, 0.156557465216298, 207.07118891965334, 142.7339974345126, 320.07380340256793, 0.5326696952497046, 0.5533942903612057, 156.29891392554137, -94.9486363563401, 158.3991673256068]"
1.3576330862501493,14.217344698908871,0.9855676938880472,0.0783804446950217,True,False,"[0.748619233124912, 0.14481049155178896, 202.30120263987675, 147.96844198147244, 320.1729695562394, 0.5746350634543937, 0.5666195110937812, 154.9863498264767, -97.44034553412591, 155.5735345111396]"
1.344056755387648,14.217825089264968,0.9996426456589208,0.0567564147730405,True,False,"[0.7661058193299718, 0.24266147153729467, 202.6550473599742, 142.3914330959388, 322.4043146506059, 0.6184326394995653, 0.6285780957691433, 154.41289346869885, -100.89291059553031, 159.30267894737509]"
1.3306161878337714,14.20360200945656,1.0,0.17282519280188824,True,False,"[0.7306763382622783, 0.25164111030972697, 201.0699299716217, 146.74509916985275, 324.4832036596471, 0.6748404761740405, 0.7194626707738807, 157.71548927997523, -97.39409831630704, 158.81680591468964]"
1.3173100259554338,14.217876582245822,0.9892223467621747,0.8281787439754784,True,False,"[0.7914932961451894, 0.256208963329726, 201.6911658871877, 150.6121365759882, 325.5604004913441, 0.6305386907289344, 0.66881701120441, 158.01538579655244, -101.98814968563063, 160.95599646431202]"
1.3041369256958795,14.217994827206631,0.9999093349800485,0.10720979212318194,True,False,"[0.8440537619227622, 0.27612999732076093, 197.7988889375912, 146.05685440169623, 329.67798285478494, 0.5987388327372618, 0.6522627416922246, 159.92917404985698, -96.0210580303865, 165.23723533755592]"
1.2910955564389206,14.239889185199559,0.9831850083423862,0.7310618983059365,True,False,"[0.8857969674880778, 0.17818005301501533, 196.42979372455696, 146.1611056956003, 332.891291619894, 0.517195615640346, 0.5612889160831608, 160.97497397928018, -87.35142758707717, 163.13768277707942]"
1.2781846008745315,14.245892102639164,0.9953145709111586,0.6405932661574725,True,False,"[0.8898129136968634, 0.14595101463438642, 192.03981065199832, 150.12861640807705, 336.0391423062442, 0.486886026143482, 0.5727125330434896, 163.77175225242615, -87.33208098124722, 167.946313230742]"
1.265402754865786,14.206057293641228,1.0,0.15516533979329128,True,False,"[0.8137260516493325, 0.09883950619767812, 188.06954369951694, 150.22509681852503, 337.22599047085896, 0.5516276317617311, 0.5083089382975873, 162.0258249872808, -86.8223697356429, 170.94883943993545]"
1.252748727317128,14.195298692533232,1.0,0.7439229870395416,True,False,"[0.7719689079892695, 0.14266137929068298, 184.90160937979218, 147.24565357550367, 333.5397886251455, 0.6003383957048389, 0.5627023369162293, 166.65986768330202, -79.06901414319067, 167.3676828217609]"
1.2402212400439567,14.20149592338625,0.9950155883354113,0.5246803123672643,True,False,"[0.818240134760878, 0.1818061525614245, 189.67538999942016, 151.27644747500648, 334.22000147146747, 0.56758885057727, 0.6077494951354363, 163.089394502088, -70.98164787042056, 164.8523642031813]"
1.2278190276435172,14.212807137968408,0.990829860111002,0.910812519085758,True,False,"[0.8690669540194108, 0.1170148068738315, 186.8982293219591, 159.32292406770006, 334.2195608368885, 0.6418462304260929, 0.692787809038037, 160.2339448115329, -67.34872728790732, 160.65186246793985]"
1.215540837367082,14.18977216867319,1.0,0.6118249075445384,True,False,"[0.8074898803384579, 0.15700904313543146, 191.5153922787108, 150.475048625199, 332.26716791461035, 0.6266683788866485, 0.6425557440600276, 162.84009946283075, -70.45486673080696, 162.86305470940928]"
1.2033854289934112,13.885038657689456,1.0,0.9198431668693738,True,False,"[0.8847381852373207, 0.14378463058234847, 189.79222761947563, 141.47891757461403, 335.3677430608025, 0.5582392001045525, 0.599133287665167, 165.2592489473219, -68.23938221798903, 163.61088571874566]"
1.191351574703477,14.194755806255886,0.7710737600031295,0.14832544949446624,True,False,"[0.8622941215846569, 0.14291019036056668, 187.0574813793121, 134.48963120700918, 332.44134722345643, 0.4675681715768886, 0.5896298836649339, 166.7333145907405, -62.43612039026868, 166.97484850452034]"
1.1794380589564424,14.234151377298865,0.967149702838695,0.9456476751056292,True,False,"[0.879314905051375, 0.21218699489143117, 183.91582166589754, 131.65365133383102, 331.2559943185925, 0.37873354420057354, 0.5670993109536598, 164.75744446429616, -70.87084824207328, 171.90031692617026]"
1.167643678366878,14.227458362266704,1.0,0.09181170136588512,True,False,"[0.8677856198830756, 0.2655470330587627, 186.91752877969128, 122.53433547758169, 330.6889399463789, 0.32775543547473573, 0.590178552900373, 161.3136576645663, -68.86819903631314, 172.4248958530976]"
1.1559672415832092,14.227133964433381,1.0,0.9444517016788948,True,False,"[0.865893203210962, 0.35161853019303524, 191.61350927394355, 114.90909295129161, 329.8189754138293, 0.29131349398739154, 0.5779744307826812, 159.14082005361914, -64.03564193849411, 169.41929831917798]"
1.1444075691673772,14.20021531787044,1.0,0.5829369703276656,True,False,"[0.8388704651059427, 0.29510425185032235, 191.0887123660912, 120.5251414286255, 333.0045252615357, 0.3602300884176289, 0.6721936281904574, 159.39812249194475, -67.12640748352673, 172.59301953768178]"
1.1329634934757034,14.222746204170754,0.9803097523796095,0.6298253687921666,True,False,"[0.783519194351988, 0.280136463010476, 186.78636062925676, 130.36238310328088, 335.2233939192157, 0.3089302881716904, 0.6063132329065931, 155.3911549565624, -62.6628431521316, 171.29115708333907]"
1.1216338585409462,14.207959853760926,1.0,0.2110879479901685,True,False,"[0.7025552216428278, 0.2839850652899654, 181.80509250735207, 133.63539135487653, 332.68600152343055, 0.39010246724869396, 0.5880308452116997, 155.8166321515583, -56.91064294004736, 166.78161985567905]"
1.1104175199555368,14.237151201076145,0.974053914880987,0.05560057789678541,True,False,"[0.7814850670611244, 0.19967097015262725, 177.70693848113658, 140.37297016979713, 335.9710648364816, 0.3385247833318723, 0.5005125356228501, 158.36783472795148, -61.77280487937102, 163.97924847413015]"
1.0993133447559815,14.200259649372427,1.0,0.25262183454112563,True,False,"[0.7104413921298115, 0.15659374358984182, 177.61299228833218, 137.5833371321297, 336.9062842750478, 0.4330422576363242, 0.580425063936584, 154.45235175345445, -62.05880361801462, 166.7189495613684]"
1.0883202113084216,14.176048965868647,1.0,0.07872205288704137,True,False,"[0.7671230093766312, 0.111390922011459, 177.899613971394, 135.70858762170099, 332.24351203252195, 0.4848168915251196, 0.641107834646099, 159.2158439504238, -66.2950202911943, 168.63871635237604]"
1.0774370091953374,14.190818542016608,0.9863854630471903,0.5163857580029358,True,False,"[0.843764594869927, 0.17905035007995504, 178.1258720095786, 130.3237882254516, 329.23616515337534, 0.5719678773734307, 0.6833907610506651, 158.4225919823922, -74.35477854651351, 169.66553252985344]"
1.066662639103384,14.15896175089389,1.0,0.36956109688118066,True,False,"[0.7628772559239184, 0.14350295100702987, 176.71256881354526, 123.67008083077974, 333.76169588785467, 0.4773128828973873, 0.7396365942314933, 158.23430415847926, -75.21773881136086, 171.50693502361983]"
1.0559960127123502,14.157932012615674,1.0,0.9313334579974285,True,False,"[0.807090698671975, 0.1789717599492592, 178.54472680578212, 119.48901774268349, 334.24612793443913, 0.49661033536906557, 0.7392202371700207, 155.55567420820614, -66.2288803421409, 176.4277629900339]"
1.0454360525852266,14.189684661980928,0.9700839773452842,0.3496966871112781,True,False,"[0.8894669243468718, 0.18610765705629267, 180.99719742452825, 120.22249574552947, 333.9867216574471, 0.4139668390573641, 0.7707214562610626, 152.42233912726144, -64.76956835348386, 173.37688679588805]"
1.0349816920593744,14.16618340309675,1.0,0.12135998729403008,True,False,"[0.8807812059266471, 0.20790772449689965, 179.43066490406989, 117.88655652069414, 333.8411035975618, 0.38816120999043024, 0.8633531010596747, 147.71549919451584, -59.2181636104608, 175.7506151382062]"
1.0246318751387806,14.20841878379007,0.9596179394423948,0.43581646687769793,True,False,"[0.8861542886219637, 0.19092233464132669, 175.11412792242805, 122.43171171268251, 337.2811150999487, 0.3699587193922868, 0.7794193324279362, 151.59255388941537, -56.507658628018184, 176.37735905103753]"
1.014385556387393,14.179389093581602,1.0,0.62050852544684,True,False,"[0.875045849744006, 0.12019339296832489, 175.6660998165515, 118.36015700122582, 338.5673719381333, 0.4407758822972545, 0.7076499749537924, 150.42242310227203, -48.0226690368324, 174.77017768066744]"
1.004241700823519,14.165964610566387,1.0,0.3980934444557782,True,False,"[0.832259784260546, 0.13397054575068063, 179.85184663721924, 112.03921401417935, 337.0491608676842, 0.41942373607733235, 0.7333662264892985, 145.7109308969174, -53.30206246513168, 172.27851863543736]"
0.9941992838152838,14.205142516222566,0.9613598450765767,0.8478294507189286,True,False,"[0.8529526409440933, 0.16840919659637343, 177.75726339860606, 121.69064665620513, 341.9142215952945, 0.37241534248516983, 0.6471815541675365, 149.5828067265446, -48.59692561706859, 176.43566943812957]"
0.9842572909771309,14.195627030390089,1.0,0.48758056575287456,True,False,"[0.813310682003741, 0.15882353842301772, 182.08493437705968, 123.57087936063198, 342.44992227996914, 0.36772511905702027, 0.6270681706528015, 147.52450091751945, -41.94981824295374, 172.07767228995826]"
0.9744147180673596,14.19881088720628,0.9967378767350917,0.5452014453482079,True,False,"[0.8569972394762955, 0.09436973071349133, 181.18316117935046, 127.01429877992382, 337.92088402214563, 0.39637926944844026, 0.5290458890675489, 145.2093904873814, -34.34956983165917, 174.60064789529287]"
0.964670570886686,14.204319359069665,0.9943060619289936,0.3910122929252575,True,False,"[0.7654394140174123, 0.11258970604520312, 180.02489753549943, 134.69412220617775, 333.4763345836083, 0.31953833912258706, 0.5623280444662513, 145.46055340502195, -36.932570763262795, 178.76681392322018]"
0.9550238651778191,14.233631146685699,0.9697740193814118,0.2908187382052606,True,False,"[0.7239708590362507, 0.13896403503546845, 179.97157237860628, 143.76025395746885, 329.93035535442675, 0.24001601877187395, 0.4831734727658362, 147.41782572133656, -38.67672864222807, 177.8619724489751]"
0.9454736265260409,14.242676591039938,0.9904785153101427,0.4186877959913302,True,False,"[0.7074197638786239, 0.20877716556817097, 181.15127908314392, 139.03174904240558, 331.7182745379057, 0.21000232437904132, 0.43451771565015385, 148.26946849284784, -36.39540675145762, 175.02939857265153]"
0.9360188902607806,14.227611118763786,1.0,0.6297015925067608,True,False,"[0.6573181610242013, 0.1312909019614124, 179.94398340486825, 145.69460891757805, 330.91993768475163, 0.24254990026887796, 0.35171988880340876, 152.2795676334309, -28.877668074084063, 178.74147872625906]"
0.9266587013581727,14.22447100679172,1.0,0.6086269897010096,True,False,"[0.5636397840562737, 0.10530882570999399, 179.44713700017053, 145.647512289591, 328.15200303828135, 0.21049619746498116, 0.25331969123752174, 154.71012806891204, -29.15598066979922, 176.72328195364247]"
0.917392114344591,14.262508485903535,0.9593851980755256,0.46409824115146137,True,False,"[0.5658764651034691, 0.1991603774226955, 183.72697760222027, 155.36412558191213, 327.9657727493362, 0.2359000461805685, 0.29994434716175955, 153.6254432050802, -32.0793447899012, 176.4596982564913]"
0.908218193201145,14.25928306819291,1.0,0.88334591809169,True,False,"[0.6645175161411683, 0.288663793151886, 185.8604772490521, 156.78892536424246, 330.44642446869045, 0.22072256444734184, 0.36910072338944944, 151.3866595263002, -24.262837583974303, 173.5349421691873]"
0.8991360112691336,14.274846149016392,0.9828400105576977,0.20708100746463876,True,False,"[0.6688461029546008, 0.2550081131758226, 181.14996459488688, 159.2689444176656, 331.614156273404, 0.14437599988571065, 0.45365666665978205, 155.7175596884557, -20.236719857225317, 177.4672202637027]"
0.8901446511564423,14.258043366151227,1.0,0.5384522786489179,True,False,"[0.6416601243225994, 0.24753569617273335, 180.3201119518186, 155.2349438938301, 329.04171143880245, 0.18936664272642034, 0.40449089934202, 157.6713548834486, -17.13193761112152, 176.32365414683832]"
0.8812432046448778,14.26082990962241,0.9968429345176415,0.5854748155090359,True,False,"[0.5646001523349815, 0.16429727422083357, 181.99101696242877, 150.5318582461096, 324.17980026044995, 0.1262622316728123, 0.34223334682857415, 154.84460423163122, -20.702788372010538, 172.2671055391324]"
0.872430772598429,14.26180234826436,0.9988859896756184,0.5233035627108923,True,False,"[0.5163345973310802, 0.17939832620769547, 183.4185898146403, 144.29721633375905, 320.6498545136424, 0.11823310724556194, 0.3912971078504728, 151.10400768913672, -13.839661229650648, 170.35800793440006]"
0.8637064648724447,14.269974000425691,0.9905834707474118,0.9134478112241973,True,False,"[0.4566574118814732, 0.20061809177133072, 178.91723206164684, 148.2514201679797, 316.85445791638733, 0.20137692158037823, 0.33101871445724695, 154.13084478179945, -19.69246412273645, 173.76336250402483]"
0.8550694002237202,14.279048674122365,0.9894433249747233,0.9350725475002032,True,False,"[0.4497770392102661, 0.22848312794029774, 180.3198961028372, 144.3451607369371, 318.7940533635957, 0.1252277207211715, 0.25791314374490354, 158.6154406026677, -25.924580569420456, 177.66213384222496]"
0.8465187062214831,14.261957956164931,1.0,0.7188082778009117,True,False,"[0.5096575286756098, 0.18592597711821068, 179.89693751562757, 153.13378151927913, 314.249736221166, 0.1504698848398632, 0.16219828654500262, 161.74105010726998, -22.641526496342646, 181.1579501628132]"
0.8380535191592682,14.276588957832693,0.9826931991471738,0.24584924714041156,True,False,"[0.449504478203538, 0.2598313575708338, 179.30475865633494, 146.7038601220197, 311.3671331116013, 0.1783416447030425, 0.22741155616777745, 158.00577975120322, -20.18671130321456, 181.96826860942616]"
0.8296729839676755,14.24510103866912,1.0,0.40785934539201896,True,False,"[0.48875983880605556, 0.31368201641707094, 180.89923869419067, 138.91131386354851, 309.37831393674594, 0.10972479091344733, 0.1645978059027548, 157.7242238298806, -13.152715921511263, 185.93417758571312]"
0.8213762541279988,14.243994663022843,1.0,0.9228728933883232,True,False,"[0.5325125838287891, 0.23345891473884395, 185.0323425599805, 132.22220088305977, 305.3335053613463, 0.10251313460505038, 0.15509706697591, 160.09308780660083, -16.32689432132475, 181.1437154206238]"
0.8131624915867187,14.217380422843968,1.0,0.8222577754924835,True,False,"[0.5870343021493377, 0.25632881221214704, 187.9681226367995, 126.7174947895415, 308.4823874159986, 0.1522388322846185, 0.16264328921179608, 157.8527109588773, -25.052095604675586, 183.4507491761691]"
0.8050308666708516,14.22769864281549,0.9872646170475773,0.2828840432990378,True,False,"[0.6827830792574376, 0.255868485312989, 188.13429480854808, 125.92088362178245, 309.52228683564124, 0.14213739988211926, 0.1695866762655668, 152.89699960593825, -32.54783560862545, 182.157718644476]"
0.796980558004143,14.260589585379563,0.9595705469264807,0.9440870151456857,True,False,"[0.7627971860418445, 0.20011645439835915, 186.80751615633855, 127.25951670612562, 314.24878855408673, 0.10810319686365322, 0.2647734719914474, 150.03415864182716, -28.172917357458253, 177.22853583143433]"
0.7890107524241016,14.229420840097482,1.0,0.26313913816869283,True,False,"[0.6824810543684514, 0.1918021476714698, 189.58157789635496, 117.9371758666001, 317.15011806163653, 0.14829250884735307, 0.25679565252895675, 149.13052140969788, -37.97849818672218, 181.10507308052217]"
0.7811206448998606,14.217639585308522,1.0,0.1375799665421863,True,False,"[0.61046377256794, 0.20961003803620892, 187.5254134626561, 114.14763646757439, 318.85682382961704, 0.2352863688983396, 0.16273457533016128, 146.25975845947124, -36.59490845303898, 180.02443165560848]"
0.773309438450862,14.218296981212934,0.9991502540607752,0.3453365661784733,True,False,"[0.6626393873100489, 0.29555257598055523, 185.64453900068665, 114.4632647488681, 316.2399474345011, 0.3280822723554443, 0.20193379939630896, 148.32943941451092, -38.67867108526961, 176.37649051883963]"
0.7655763440663533,14.198908666127927,1.0,0.9183600534123431,True,False,"[0.7586713538663803, 0.37682627763668175, 183.5568076437283, 105.58446604443469, 320.9956983718394, 0.33749868340276207, 0.16529202205460644, 152.38473187988802, -39.10473686254129, 179.36068483410395]"
0.7579205806256898,14.19787537611673,1.0,0.39903045274115423,True,False,"[0.6851703103625301, 0.32767875784223377, 187.48215350941953, 111.12493026999466, 320.6577686937037, 0.345497812707109, 0.17534821128716183, 155.1711135142266, -39.15150310625933, 183.93226869787327]"
0.7503413748194329,14.223824727381782,0.966007777248342,0.6453543293256674,True,False,"[0.7693062176611665, 0.23630440451472007, 183.27598039480816, 113.2167760417285, 325.54601823475923, 0.39215903019723125, 0.24503129559099562, 153.12565737690278, -43.2858824905275, 180.90140426348822]"
0.7428379610712386,14.220453728511838,1.0,0.14602845285245825,True,False,"[0.8097348987427333, 0.15518883152214924, 183.0001974522357, 121.97189781044071, 323.9979251976403, 0.30860780228213575, 0.31800854471710316, 156.49054769633508, -47.68822336787359, 180.33574903267524]"
0.7354095814605262,14.219983839124776,1.0,0.4006963497186127,True,False,"[0.8570365291885782, 0.22760461369987378, 186.57225874084784, 113.54263916105033, 319.1591948442109, 0.24670269191682773, 0.27964422632447855, 161.20946375937254, -41.13769679499795, 179.35112389417316]"
0.7280554856459209,14.210270690089644,1.0,0.8477081116561048,True,False,"[0.7789827141496224, 0.27967654660091307, 189.35454922437998, 112.69756214972301, 316.7019042438768, 0.24677486286402744, 0.30899085109428637, 161.4731942831079, -45.18664713065725, 179.76101879013856]"
0.7207749307894618,14.202594218582524,1.0,0.06586867847019695,True,False,"[0.7319819760144352, 0.3227900386054291, 190.6046159865712, 103.29608842868062, 314.6671788045121, 0.28193108185024907, 0.353301145848382, 158.86479663096588, -40.40436260968346, 180.20336589585864]"
0.7135671814815672,14.205624258686903,0.9957626751797607,0.4351047530349078,True,False,"[0.6388338861311672, 0.2672577634441197, 186.3832106197357, 100.51862398826826, 316.7161712885399, 0.3804127500806546, 0.3718248642421244, 161.2506027494959, -33.8953455206601, 177.501210405615]"
0.7064315096667515,14.186238559265789,1.0,0.4650365421226119,True,False,"[0.5983378918428955, 0.2541696877868862, 185.8374052107421, 95.50431254075716, 312.6723109282895, 0.3293260439282833, 0.436844205269467, 159.11518260905524, -26.47837120526149, 177.83366935228264]"
0.699367194570084,14.169982418397643,1.0,0.7728481115752128,True,False,"[0.6053893321010332, 0.19862780034855024, 183.6170210197731, 92.1768170836862, 313.28961691967703, 0.3352335162819516, 0.4725005702053385, 162.22274422943153, -25.411033786910373, 176.62930144250944]"
0.6923735226243831,14.165710600926465,1.0,0.2770970221190484,True,False,"[0.5752749751717169, 0.21323707220719224, 180.23220725756536, 85.49621277446863, 311.44261900734597, 0.3943339206163814, 0.4226821266465356, 161.5022379456395, -21.352686844528556, 181.1222901209145]"
0.6854497873981393,14.139405273392878,1.0,0.14816786878263577,True,False,"[0.606511222578952, 0.12108312442192201, 183.3289539634441, 83.30012091357543, 311.3583869850541, 0.4622927864281947, 0.371447371278353, 164.47130231837085, -16.70680572944601, 184.7699329411375]"
0.6785952895241579,14.147204831746453,0.988572118188402,0.4881979793874366,True,False,"[0.6227279913204564, 0.14054146997537043, 185.4805589113454, 74.40528864151845, 313.55820357543416, 0.42797825764314584, 0.4277409644131126, 161.26349970016742, -14.987178216897643, 188.56438710766147]"
0.6718093366289164,14.132230154582453,1.0,0.1349513433620153,True,False,"[0.605304834894897, 0.12959526405725955, 187.8552661532231, 81.3692451342242, 309.50197818672945, 0.49576511927116407, 0.524975046708208, 163.78913646318912, -18.040439718704086, 186.1549317656379]"
0.6650912432626273,14.119958719328341,1.0,0.2810828685055239,True,False,"[0.5409810325502785, 0.08842180770411208, 192.63651092656116, 87.80618839863133, 311.46015975371546, 0.47531835496913677, 0.4939542162210309, 164.28504062303068, -15.696682074600835, 188.88905672187767]"
0.658440330830001,14.128078769813186,0.9877434809935282,0.7190515868077111,True,False,"[0.5677652383972007, 0.10896016870071774, 192.6957456034611, 94.86720754089114, 311.72919978097565, 0.4678327687133608, 0.4829017555073525, 168.45819569931635, -21.731918232094664, 188.16407525222291]"
0.651855927521701,14.143443129478857,0.9767054298936773,0.7887088740283501,True,False,"[0.5810794552417431, 0.18857810181797957, 196.15175512694373, 99.19346764077454, 308.59070488434384, 0.4324582743702925, 0.5136640531548866, 163.84090665407896, -17.63989964354454, 188.83693958291974]"
0.6453373682464839,14.149064240324602,0.9913274805714446,0.5934138850312768,True,False,"[0.6671666257810545, 0.1436238344047905, 193.5495428522306, 107.2871208008055, 305.710146476532, 0.4772472795094201, 0.4877033698083254, 164.29626108833799, -17.472086766952525, 190.36256901553637]"
0.6388839945640191,14.141278499376401,1.0,0.4503805180610324,True,False,"[0.6475864503290131, 0.1602990404950113, 190.8258847091816, 99.5762646777425, 309.5762071743795, 0.4659981921251427, 0.5644696212503465, 166.58082468596132, -10.503817862526262, 185.83579926323975]"
0.6324951546183789,14.144079015010783,0.9955820613081102,0.2412946933481499,True,False,"[0.6749912681484376, 0.21186451155020225, 189.9448488418982, 108.18266821447969, 306.5916776336175, 0.4600994960286074, 0.6301135502234192, 168.12109551660177, -9.431614401812736, 184.9860064786029]"
0.6261702030721951,14.129642933505465,1.0,0.8440329366749003,True,False,"[0.6418881966922445, 0.2123489415587662, 185.408458971075, 100.0088853516358, 308.68774939795264, 0.5278701465853809, 0.6764823579632819, 169.71385124922452, -7.521889258741734, 181.0373937664152]"
0.6199085010414731,14.131137119312953,0.9975925696964029,0.0926193078753279,True,False,"[0.6303489425568313, 0.14270216817546355, 185.26220612783789, 99.6143974243789, 310.452455609021, 0.45350910070534933, 0.6455417650057548, 169.5994275463921, -4.483390013899253, 180.21426706851534]"
0.6137094160310583,14.15285625958495,0.9652289601291947,0.3936534458886375,True,False,"[0.7172289855971987, 0.21777683660583722, 180.6813665982161, 107.12497939980602, 306.890384599005, 0.5032638142753494, 0.6133001103713844, 168.56335610298493, -7.042136963864514, 177.5657831028842]"
0.6075723218707477,14.15166704728307,1.0,0.5612877745816822,True,False,"[0.6335605359640015, 0.205479984486384, 175.75190326279807, 106.55384303614669, 303.5935643720349, 0.5468903748589935, 0.5891398761453549, 163.76549362421397, 1.177975903445696, 179.81099476434778]"
0.6014965986520402,14.154683844989108,0.9949970706538606,0.6575804223440144,True,False,"[0.7109037051980499, 0.3013142703530537, 180.17124930997522, 107.74728576699533, 305.65334319359056, 0.6437705906556808, 0.6186167398821139, 162.32387738673418, 0.1775980589027375, 180.5283203836658]"
0.5954816326655198,14.176075518197248,0.9647142714757742,0.3609836735986194,True,False,"[0.7904640773483373, 0.23641510510355374, 177.8762138508096, 117.501962959852, 307.6373787193917, 0.6416431263878412, 0.6187947314996123, 163.2529531892883, 7.323144696155924, 182.03709574807624]"
0.5895268163388646,14.176908118860958,0.9985886765996852,0.8060650054613521,True,False,"[0.812880465014173, 0.250251092076778, 179.1101469972586, 114.45283211942605, 309.0702663941224, 0.6034856678097622, 0.6045434470350766, 166.21397123311135, 11.50176457625981, 184.56307555074264]"
0.5836315481754759,14.16209192495037,1.0,0.7420358736923507,True,False,"[0.7191182966553071, 0.24280252567777974, 175.10907951831314, 104.61597674999682, 308.19406496637157, 0.596964259536868, 0.5222192673082715, 169.07186628510073, 13.920990045191699, 183.1163990784032]"
0.5777952326937211,14.167163880194018,0.9912602963142223,0.7899504251917459,True,False,"[0.7549917261924597, 0.2709555019284605, 174.36360327910185, 99.14962628061514, 308.67611848268956, 0.6357132070970928, 0.4890153698232961, 172.90640321723697, 22.062810149960697, 187.67073952785285]"
0.5720172803667839,14.126793638395025,1.0,0.6124591838745448,True,False,"[0.6576937742441379, 0.34081647379126145, 171.2894507801972, 90.92708886266513, 307.2849046241574, 0.7012683481767696, 0.5251327895481888, 172.81459973725782, 28.612634707048905, 190.22512293010388]"
0.566297107563116,14.156349295087654,0.9491474880082025,0.5519090083023928,True,False,"[0.708199058694511, 0.2676589698024048, 172.95770027973575, 93.33246257231764, 307.4078270431457, 0.6440690809713844, 0.616534277538602, 171.42881129606786, 35.746906358723066, 187.0355040827036]"
0.5606341364874848,14.15223712818932,1.0,0.3038704730572672,True,False,"[0.80675521978793, 0.20521100587652422, 177.86632053645212, 87.04208767130051, 311.64898906433916, 0.6165862689526579, 0.6639188235417527, 175.32574560382054, 36.597578393633746, 185.69506223230857]"
0.55502779512261,14.1525486702188,0.9994388486253819,0.5226975004977407,True,False,"[0.8711532880108512, 0.26108646725888685, 176.69880543167153, 78.91620868168201, 316.09042113565107, 0.6060891841119326, 0.7433109702211661, 175.30278865264506, 39.75768461924198, 181.0265199646556]"
0.5494775171713839,14.156280851818206,0.9932307779657656,0.36496431336465307,True,False,"[0.7771726312313052, 0.2582874146280902, 175.55615620255898, 79.6470954565375, 316.7802286111562, 0.6856694623314274, 0.7675689682236497, 172.58709946464404, 30.366955767075172, 182.76855888398956]"
0.5439827419996701,14.206973296542367,0.9110225788472979,0.039738642896103626,True,False,"[0.8302798970970202, 0.218240726655523, 173.74900035760476, 80.25974020999338, 312.4397184381502, 0.7814103969546615, 0.7984949603520339, 170.05906465711283, 29.87073206642869, 185.48379857210875]"
0.5385429145796734,14.232229509445883,0.954185379822328,0.5742848431179409,True,False,"[0.7594187184858838, 0.1465606037261346, 170.7702047458759, 75.87025448842546, 307.8048125006156, 0.87271757369683, 0.7686293857748769, 170.1332609755585, 29.293114069656617, 186.9630877624769]"
0.5331574854338766,14.236349298421988,0.9923026256047148,0.5574584202975017,True,False,"[0.7217556775991157, 0.1763888633402794, 171.50032455423826, 71.10406258801015, 303.1181483737386, 0.8858929970721521, 0.7677278579715219, 173.853223335283, 26.008094765483236, 191.52792829222128]"
0.5278259105795379,14.19510934420255,1.0,0.750653485894153,True,False,"[0.8186033585695106, 0.25691572176709054, 172.60309441145907, 67.24099668807308, 304.54444323855097, 0.8347602216971582, 0.7232583883820438, 176.46060133508888, 27.857548816647395, 190.31806476591208]"
0.5225476514737425,14.178158832496017,1.0,0.7148787576285099,True,False,"[0.8810631986542364, 0.24496448209473184, 171.56809560301522, 64.53846395663608, 308.79065212164244, 0.7391361007602126, 0.6728892019072986, 178.00457169538504, 25.40997944460157, 185.97289864217163]"
0.517322174959005,14.178274924101423,0.9997756164610465,0.5278874945728718,True,False,"[0.8961035782413911, 0.18017407256812815, 172.73535894593624, 68.54222166479015, 305.80401995289037, 0.7075765563362821, 0.5753601029516654, 176.41834647112645, 17.222103554399247, 189.19419275439694]"
0.512148953209415,14.16570749451605,1.0,0.7580520418912445,True,False,"[0.8693369753327544, 0.2707083706069383, 174.0084987524684, 59.98179135792988, 301.1180684878962, 0.7706423236485123, 0.49553327483886433, 177.27780277145607, 22.586591896018376, 188.7098213147541]"
0.5070274636773209,14.154147047709317,1.0,0.8562488420106569,True,False,"[0.8365293827048044, 0.20166587769328226, 173.4445015719641, 64.59589327911401, 301.0924395447882, 0.7415634307126148, 0.4630172580419447, 178.41459084442786, 27.197540875696603, 187.2582173672096]"
0.5019571890405476,14.183890792372825,0.942465899951632,0.31504109484370035,True,False,"[0.8573234003332738, 0.26238545977031225, 172.35570667114766, 60.32494715106034, 296.4896689314178, 0.7258650807235715, 0.4281611235528236, 180.68952663488906, 21.387780411468945, 187.0859381334122]"
0.4969376171501422,14.16255917912617,1.0,0.137523556643678,True,False,"[0.8350005222650309, 0.24878778858217396, 169.7235654896852, 56.89423944642923, 295.7279710452768, 0.7429813600372034, 0.3991697518299271, 183.86670181758691, 15.098037137471874, 183.9130095245627]"
0.4919682409786407,14.200815366805127,0.9251850581695689,0.5166126620407471,True,False,"[0.8806993901989499, 0.17568646661702697, 168.2430358684997, 66.30694274867744, 291.6339256329919, 0.7560671904537054, 0.3307284637637158, 182.14305617179713, 24.855330591389876, 184.49302111829564]"
0.4870485585688543,13.881656020492962,1.0,0.974801912759245,True,False,"[0.8270140655820455, 0.10188239185410591, 171.7579250782179, 74.09894908569707, 294.7119906049553, 0.7071903030461648, 0.2948980055918384, 186.6779133796183, 16.87354511621459, 185.53569377293104]"
0.4821780729831658,13.951492952729922,0.8651638295348728,0.5636989702188723,True,False,"[0.7962442254511936, 0.1888901030977837, 176.4244217200973, 76.65209832610181, 290.7943508747513, 0.7090375562526214, 0.37307486335039564, 189.56911707085666, 9.319319822229698, 184.032281182864]"
0.47735629225333415,13.942158576663406,1.0,0.05567470444474554,True,False,"[0.7851104316096749, 0.24914413949769607, 181.38693463042216, 75.64296992493992, 291.3813802928831, 0.6452948789446903, 0.46407036295662174, 192.28061162282114, 0.7736671163649209, 185.67095808796344]"
0.4725827293308008,13.956996116766614,0.9690910544417922,0.36922194942582,True,False,"[0.7897323298493194, 0.26810962669275784, 178.8258570307173, 85.26976025726704, 289.7360812563927, 0.6880175656341008, 0.51745206724457, 187.5006752293085, 8.852746513002716, 186.68404320556806]"
0.4678569020374928,13.947420653960382,1.0,0.47806681290933584,True,False,"[0.8429227868817524, 0.33753678842714924, 178.0542872505442, 83.70953377412478, 287.51607879704653, 0.6818059507087108, 0.47219956917788, 190.84430667451295, 13.20619274018283, 184.76142804376627]"
0.46317833301711786,13.949008145957514,0.9965784784956482,0.26456266840173903,True,False,"[0.7905675604307534, 0.26061486368176345, 175.67471478611697, 75.3934898679519, 288.17762338127613, 0.6284495855699016, 0.40272567987483787, 191.89166715286683, 16.387054102887365, 186.54489516834377]"
0.4585465496869467,14.245724028288164,0.5235728566471024,0.2540449367619141,True,False,"[0.8308207236630376, 0.2294824776184365, 171.69311284120522, 84.44072154666465, 283.6029417841462, 0.6746445790656432, 0.33608408657441297, 187.62003773904829, 7.24588318983194, 191.20527441532442]"
0.45396108419007725,14.20610701003886,1.0,0.9792016081411806,True,False,"[0.8150779716248526, 0.27098754954495297, 174.85397885141188, 76.54873262004394, 284.5795081672716, 0.5893855777574621, 0.37739010285945873, 184.6133129027879, 11.874918987876839, 194.02236456378333]"
0.44942147334817645,14.191644781195498,1.0,0.07941764778825289,True,False,"[0.8535820770016131, 0.21958728261794996, 172.83271847243518, 67.93366788607491, 284.9956595021491, 0.6086497286576983, 0.36517702589515644, 186.72749691574248, 8.134445873613817, 192.93022411079875]"
0.4449272586146947,14.188514093074525,1.0,0.9958970407252722,True,False,"[0.8097080307612281, 0.18051375961169588, 168.16413883140285, 61.39027494031215, 289.19380806202554, 0.5929860994420281, 0.32209704000551065, 184.0343232443902, 16.45441350421832, 197.21978743267707]"
0.4404779860285477,14.193294178624013,0.9892066291061189,0.3691143909242075,True,False,"[0.8425460274098969, 0.14840252222654743, 172.70909501028314, 61.663048592696924, 292.37327458852474, 0.5815854775889446, 0.2432263889770735, 183.81474529016762, 9.544860587258748, 201.8145058733023]"
0.43607320616826223,14.203663402361418,0.9765018533431098,0.8234242220422525,True,False,"[0.8368957865667772, 0.18198299706774446, 175.79847357902273, 62.36916784784204, 292.2477749513416, 0.6688578223364553, 0.2995225034415133, 183.9274173053342, 13.175000007296267, 205.49445443616705]"
0.4317124741065796,14.144514495949053,1.0,0.5893119888255399,True,False,"[0.8025760172449918, 0.1299625776277211, 176.4446715546629, 53.6805047434366, 293.1228093801567, 0.673475060014884, 0.3104393446987839, 184.12270396474582, 9.243425920448516, 208.93028754340884]"
0.42739534936551377,14.115467379656423,1.0,0.7451644467563466,True,False,"[0.7895994521542034, 0.19473656519888555, 179.00066940880444, 61.719059054764685, 293.4937566065482, 0.7521082750521416, 0.3788565082868194, 187.8720076988877, 9.937043616539947, 211.42496064310723]"
0.42312139587185865,14.130797790947042,0.9644168035302042,0.8249095053977228,True,False,"[0.7900057729201598, 0.12939916496495552, 176.61738620629342, 70.96538773391498, 293.68398263208064, 0.7326575211106641, 0.4142821159324687, 190.25176007164916, 5.862458584999862, 212.25096495447903]"
0.41889018191314004,14.157983138882903,0.9371625728000408,0.4841602655447115,True,False,"[0.8824969212802086, 0.12864892370729208, 175.09214503682583, 66.19669181465164, 289.5062766777604, 0.7336002831959808, 0.39136328437722534, 188.13925441278548, 11.280674988394514, 208.86654862861286]"
0.41470128009400864,14.152275425847835,1.0,0.9328095382496217,True,False,"[0.842587435792868, 0.1454166666555629, 174.93769684110572, 69.95734793560295, 286.95831174848587, 0.6934235382548743, 0.4001627154381721, 188.37381636239067, 11.668155284392911, 204.160520499612]"
0.41055426729306854,14.181966528184208,0.9302335865594544,0.5566062837551796,True,False,"[0.8301876958934651, 0.17773089583230228, 170.04837709222105, 61.66598842081261, 286.02738491899765, 0.6647521229869547, 0.33274933797633377, 188.02223627036147, 20.44993720321181, 207.32488767412298]"
0.40644872462013787,14.197088168151348,0.9634792771788208,0.8914666598678604,True,False,"[0.8923953944023679, 0.17653052074723757, 170.8202487524174, 63.078701330842804, 285.52710314243666, 0.6317441786177903, 0.3613396494919436, 190.19415898159292, 23.045836468406296, 211.62743253138618]"
0.40238423737393647,14.155260346025333,1.0,0.7182537865082819,True,False,"[0.8536730505165783, 0.09344884347263055, 166.34220644264641, 58.76661379063631, 282.37750444616177, 0.70745035303203, 0.28054816849329234, 186.89327516926224, 15.482977494007338, 207.24995315606273]"
0.3983603950001971,14.17575298128244,0.9498583114110248,0.25272037986309415,True,False,"[0.855963995310129, 0.17382572569285742, 169.5256143962864, 49.975102641477044, 285.7298174155293, 0.6761160828423673, 0.36357570614574486, 183.25290888886727, 23.298992099972708, 205.82173330190824]"
0.39437679105019513,14.145131597731698,1.0,0.6565876118848162,True,False,"[0.8014661490989529, 0.12126285682785534, 167.03122115716738, 42.86718660399234, 285.833094672458, 0.6854663993353456, 0.29627457635581, 186.05364023324458, 28.607402179013963, 210.47759202126127]"
0.3904330231396932,14.198060208330464,0.8732233905923199,0.5990818395963728,True,False,"[0.894631129452042, 0.12132781137459468, 170.41721697514146, 37.79990004589006, 289.2492407241154, 0.7630791273227482, 0.25231751659691193, 188.1469621832559, 18.86163537837299, 215.3482734222072]"
0.3865286929082963,14.202314590730127,0.989053710855684,0.12919665306363348,True,False,"[0.8767698289469219, 0.16789691201107548, 167.59971352918055, 42.92661005434381, 287.60276081375895, 0.6803656909220874, 0.297691067486425, 187.46196513292793, 19.188255024031076, 210.44980456326599]"
0.38266340597921333,14.23939563311539,0.9076444931554627,0.734545359532759,True,False,"[0.8462664351886466, 0.2030574827200726, 167.33014128323305, 38.80823933280502, 292.57516999740045, 0.6473613211546901, 0.21746350903198955, 187.59418375486294, 24.862573034386312, 209.38341517504216]"
0.3788367719194212,14.220539416531416,1.0,0.3670775246650656,True,False,"[0.9014170369305557, 0.2762127149833302, 170.89847528529756, 46.76368331952556, 292.27431824903175, 0.594421433437961, 0.25350457662738884, 191.7295688435512, 27.372751690187982, 211.28344052391665]"
0.375048404200227,14.172411623033295,1.0,0.17188624343096803,True,False,"[0.8030316545078828, 0.25264084531624414, 170.2274510690675, 39.09433758973114, 293.25208927260235, 0.5145180480732333, 0.1784894195800611, 196.59785787518211, 21.680027231039375, 212.53343050051717]"
0.3712979201582247,14.190391978800879,0.9527281395780023,0.8179665362176608,True,False,"[0.8726991850258381, 0.2933220515191817, 171.13837597367274, 36.81900498002332, 288.8619896721901, 0.5952867625400705, 0.21707999590368543, 194.25610520785722, 12.278108251751828, 208.4352560444147]"
0.36758494095664246,14.209410849144863,0.9495756585675388,0.11291533387596309,True,False,"[0.8216019238156398, 0.27883622473833836, 171.70620910020682, 28.75214447605849, 291.93546130851774, 0.6113657445581661, 0.272031428756359, 196.93290118047932, 4.240372057668761, 207.41338323080478]"
0.363909091547076,14.198397794104036,1.0,0.9748978363322467,True,False,"[0.8368525092360528, 0.35532491545151074, 168.26578777470186, 38.03101713053101, 293.1791970629659, 0.5800753218229862, 0.35646642024590425, 196.97385343787226, 9.214922861225338, 207.16563571906883]"
0.36027000063160525,14.184165431942017,1.0,0.6375085015776147,True,False,"[0.8101043434746074, 0.30708327129678487, 170.55937105076816, 45.38889252033819, 294.0921506972938, 0.5456450217534142, 0.37692958716190145, 198.19889654052912, 6.654695415699804, 210.80023277139753]"
0.3566673006252892,14.185074343435147,0.9974548988246658,0.5692553382001402,True,False,"[0.8247198840487077, 0.37626073248938, 169.86471785348633, 50.49252699097954, 290.94718377168977, 0.5788357904689707, 0.28210015680278816, 194.86867989725374, 10.88084502055232, 207.2545916287161]"
0.35310062761903627,14.185862885089179,0.9977692992737678,0.38942563628459914,True,False,"[0.8227058020544675, 0.3836542475345059, 173.95556760226594, 58.58012412160287, 287.5249102076326, 0.5333749373941431, 0.32921427186556484, 194.46317779813495, 13.96753055077488, 211.53602555797224]"
0.3495696213428459,14.178849728520525,1.0,0.334795927093647,True,False,"[0.8396967020782085, 0.42278739510468394, 173.64867009387925, 63.80322242314245, 286.8681886759225, 0.47741910930218756, 0.31149306225497964, 197.06610047807263, 11.407600929170865, 210.55341648942715]"
0.3460739251294174,14.184058486643481,0.9850617016672428,0.3642665796679483,True,False,"[0.850814894168192, 0.4690443769098279, 171.96580708967298, 65.58130218154022, 287.107466791453, 0.43854462531044247, 0.34343145061328323, 193.73880106681347, 10.22703379155677, 213.76052025644637]"
0.3426131858781232,14.161904460092344,1.0,0.02480601797199833,True,False,"[0.7529280499659596, 0.5297813869679043, 174.4834879745905, 63.19863062393101, 288.0155857648731, 0.4741079176848725, 0.3493210451811791, 196.256657427283, 5.1683151453125085, 216.5231109813778]"
0.339187054019342,14.158905743066342,1.0,0.5627546112376509,True,False,"[0.7668754211430261, 0.586607428456959, 175.5663083652182, 73.06978685218371, 283.5536006507084, 0.48431069069194643, 0.25246242551423315, 195.88944702502553, -2.929375435299514, 217.84597176844798]"
0.3357951834791486,14.179524019330572,0.9404457198439,0.4810673861367293,True,False,"[0.8303067239806734, 0.6240907276110058, 172.6687168830186, 79.88151417952494, 287.1960365715726, 0.5712745662344382, 0.33474441096157337, 200.75487377834725, -12.461086739226099, 220.66357228164762]"
0.3324372316443571,14.198508346729074,0.9444934736660768,0.46594511672096117,True,False,"[0.8536483614365562, 0.5550552839193438, 167.99492510028682, 72.40917172990643, 290.58024385667875, 0.5334278117757882, 0.4224906236754413, 196.02094665272813, -10.258292373003444, 221.90088997486572]"
0.32911285932791357,14.229611253273221,0.9098229207360178,0.4019216785338491,True,False,"[0.8917422469303082, 0.5864239019250557, 169.56147836920317, 79.9295864556372, 287.3392838916027, 0.49961737904268805, 0.47762561092503686, 191.21220993984795, -4.947886817493837, 225.35003003910737]"
0.32582173073463444,14.229615242862678,0.9999877553746263,0.9999384302588726,True,False,"[0.8119564157244639, 0.50983447571707, 169.21714925157468, 80.80693217143407, 289.3976807792127, 0.5811083137639246, 0.5462253495070801, 188.98764236796399, -8.444918819938783, 222.31298913669016]"
0.3225635134272881,14.186284253354135,1.0,0.13830949454430264,True,False,"[0.7292735378147305, 0.475861945509971, 170.71100939129934, 71.36018994353427, 294.19730149813677, 0.5944705042954905, 0.5944985954750057, 193.1699176561098, -13.87243348841012, 222.23363979081643]"
0.31933787829301524,14.098452960654251,1.0,0.6143895345381583,True,False,"[0.6379377973720995, 0.4496525773256536, 174.14447188805488, 76.58850506756596, 295.44989875794573, 0.5927467346109344, 0.6077460592588699, 198.0874452292389, -11.006026087152163, 218.384182905101]"
0.3161444995100851,14.103815523701742,0.9831806714700485,0.7691113541180773,True,False,"[0.6624723858724321, 0.43941325535398873, 178.44098485535181, 68.02075649285077, 293.67139182889747, 0.6745224221641215, 0.6422673537060228, 201.2643702166962, -3.745573301282098, 220.55791046488338]"
0.31298305451498426,14.146995230762332,0.8711319642036861,0.11058279370149404,True,False,"[0.5867298906252316, 0.40409960053352634, 175.7854667985656, 61.89947675134317, 292.25517358123403, 0.7531190518891686, 0.5793532314695268, 200.39351660845625, -1.7305212714316873, 219.74334287514532]"
0.3098532239698344,14.147946634977949,0.9969342095134223,0.08277309504225783,True,False,"[0.5696927135767044, 0.33975495194399047, 179.48718368258133, 54.324402578470966, 287.3597967355511, 0.7738513487377294, 0.5596231534074734, 196.55907425778565, 7.034516559489983, 223.35415037512288]"
0.30675469173013603,14.140708264853235,1.0,0.5545632172885052,True,False,"[0.5168505337198526, 0.35778033858649017, 183.6496476686104, 49.960171102504006, 291.6275518116618, 0.7343659782122983, 0.6095257453150543, 193.8620839794085, 15.368647609719307, 225.3295291856704]"
0.30368714481283465,14.153152044024019,0.9598524988622235,0.6708532860109502,True,False,"[0.6018063534775828, 0.2781592301046313, 180.5997667702501, 55.68050958707482, 294.6063082415998, 0.8163048915128187, 0.5353578377751859, 195.59777067850538, 21.723979229768535, 225.51202466144875]"
0.3006502733647063,14.171438812711566,0.9409887877199932,0.8650544986515466,True,False,"[0.5378871960332736, 0.36124935169658456, 182.43809158153806, 61.88042281401252, 298.7892989187374, 0.8582931678616401, 0.5974774920043923, 199.24044064187146, 30.52549207442736, 222.13631829992804]"
0.29764377063105923,14.165376428245768,1.0,0.8987801951720265,True,False,"[0.4770699717246309, 0.3527234103659006, 181.65665384278992, 58.645202643707755, 301.69267144049445, 0.8219793100444921, 0.52007220791583, 199.8678776398395, 38.046845854002, 221.29319399510555]"
0.2946673329247486,14.19956855096,0.8904428522786814,0.5413455804252951,True,False,"[0.5641993344814469, 0.4484446967028541, 179.58063091918265, 57.96026561665429, 300.9735464477955, 0.8904280552381351, 0.428049849190229, 197.6935614668688, 35.34938420916388, 220.7067666599068]"
0.29172065959550114,14.185021108239258,1.0,0.9391477735927387,True,False,"[0.5179333870426002, 0.5179253398540788, 178.8880065546996, 66.64966515594153, 297.58580792284886, 0.882968639549479, 0.3971120512533537, 194.85103321448418, 30.23833867778858, 221.70684613294918]"
0.28880345299954613,14.157192207401813,1.0,0.7745588756871077,True,False,"[0.43066136641203984, 0.5616466675228875, 178.27527162638293, 74.99502613143011, 292.9104981536467, 0.7962305084054748, 0.3463252346668767, 199.13258200261384, 29.075489620191647, 222.1617564863407]"
0.28591541846955065,14.156609580392555,1.0,0.2042055978542593,True,False,"[0.346147515247657, 0.6253925022494213, 175.4218290905995, 84.61123710683617, 295.43364885292243, 0.7950077811938753, 0.28277663076180426, 194.64650869676092, 20.847722856275624, 224.2530188697225]"
0.28305626428485514,14.139564750139328,1.0,0.230605852951557,True,False,"[0.4240303431065847, 0.6871584858689342, 177.28396851711335, 82.05232846582231, 294.3239755147844, 0.8228049811869429, 0.3459300289500482, 197.29463930147446, 15.53272315938649, 228.03713242594978]"
0.2802257016420066,14.121676098359728,1.0,0.008099091237410039,True,False,"[0.45757692579001047, 0.7569404191556263, 173.83256461666844, 85.93415011311653, 291.85648488310494, 0.7843628902384149, 0.40489916562276324, 197.23017749733378, 20.458770003229553, 225.14821684954495]"
0.27742344462558655,14.127714221759206,0.9784701410175994,0.006390713317552366,True,False,"[0.5497044763874617, 0.7085543546694869, 173.4317213575393, 86.82770534879182, 292.4212287243189, 0.7159928908358318, 0.35221092058715886, 201.083985118878, 29.18764577781218, 225.20811177557195]"
0.2746492101793307,14.128785698459321,0.9961063446619517,0.4579416271995772,True,False,"[0.4601538780769833, 0.7156151673227612, 169.98575082764478, 89.8143505109723, 295.1436533114571, 0.7052647455121885, 0.3092091788305627, 196.22805329864724, 27.522507348055232, 224.10078222597986]"
0.2719027180775374,14.130803176996306,0.9926076049170999,0.8422129619017356,True,False,"[0.3858296731321365, 0.763164629308316, 173.03354012131297, 92.72370767091697, 298.60972765000565, 0.7955044435091899, 0.2962714817348402, 193.71801400246557, 28.487309698716157, 219.24027574318217]"
0.26918369089676203,14.147419692294578,0.940137366779885,0.42553356594848724,True,False,"[0.3637466054762649, 0.7315892034599738, 173.0247444059709, 96.4470074628826, 296.9530769278158, 0.791916938332119, 0.3923688571342092, 194.998083080907, 20.146645001048558, 221.1231717340191]"
0.2664918539877944,14.142511661522992,1.0,0.014553631754767316,True,False,"[0.31527260600114826, 0.8090188170953905, 171.6974701623507, 92.28609886023943, 300.05157505221183, 0.7903213405548184, 0.32657221321230645, 195.52785140866817, 17.212600847240154, 222.3175711945552]"
0.26382693544791647,14.18508359878346,0.8509830066392488,0.707537433249211,True,False,"[0.24446054013923899, 0.8312077515861409, 174.65291746266612, 94.70385922510874, 300.45993134822504, 0.8384783538110305, 0.35551722334965224, 195.6361852457091, 25.006659800267514, 221.78429809142247]"
0.26118866609343727,14.186123549067089,0.9960263103748709,0.7889022223291413,True,False,"[0.21040403774057576, 0.7712214922389663, 179.07558275765595, 88.8404412593367, 295.661280252121, 0.8294367534584097, 0.40128963355018094, 199.43739732455379, 18.163648369785385, 217.31772109484615]"
0.2585767794325029,14.144017954090245,1.0,0.4631068472266917,True,False,"[0.29894010735979304, 0.7957868638140078, 180.616143143345, 83.85113481756315, 296.97788983474567, 0.8162226699768731, 0.38785668987917266, 200.6226203122991, 10.700104811862609, 220.26922657841672]"
0.2559910116381779,14.11645225045585,1.0,0.29140887868889875,True,False,"[0.37107813774292286, 0.788552172003311, 180.0085680020203, 88.93252922600888, 297.06925001246105, 0.7999341555806652, 0.32503334412993806, 204.0176654748699, 11.7541466494623, 222.33898586176358]"
0.2534311015217961,14.13505814801394,0.9292141972070199,0.6345517262210568,True,False,"[0.36483201708670554, 0.6987658857501717, 181.79722140403123, 93.19872159907376, 300.5084183483147, 0.7255218840407546, 0.3833457652495905, 207.94123942330884, 16.14274594972732, 220.02955255960933]"
0.25089679050657815,14.150212680891897,0.941386527093044,0.24610791896777606,True,False,"[0.27294589118203083, 0.7371614233478205, 183.27818074828278, 98.68677692163959, 295.6153289576549, 0.6916701633909559, 0.2918752221974442, 206.89842153989014, 21.88654443977685, 220.82790489541605]"
0.24838782260151238,14.164633012904984,0.9435973758201566,0.4830958500729442,True,False,"[0.23242865292298961, 0.7863682108938012, 180.0721665907841, 100.15347002322058, 295.38219496955566, 0.6491250993247281, 0.22237075958903763, 209.5639891947281, 22.152033027101037, 220.51675201712933]"
0.24590394437549726,14.175828244911205,0.9554939471519878,0.022047612033412878,True,False,"[0.206574223399138, 0.7717790706675728, 179.09040787368008, 99.46382321886477, 292.3012063063396, 0.6512161434969004, 0.2493997176648051, 211.03526731067123, 18.752874713837222, 221.5426867065373]"
0.24344490493174228,14.166389103423025,1.0,0.34588969917562673,True,False,"[0.25222934876732706, 0.6864877438266271, 174.35359073801905, 98.13850627345948, 295.2738491315382, 0.721662831663948, 0.3308277122265261, 209.70851358351726, 15.404627743544385, 220.29771326650703]"
0.24101045588242487,14.141772338364362,1.0,0.9207516355907023,True,False,"[0.3439045080609687, 0.7201695795531198, 175.02018082901725, 106.9781353253685, 297.3215118795658, 0.6907775397521835, 0.3144964695843204, 209.06882283655787, 14.08884817385757, 219.69617602349592]"
0.2386003513236006,14.126493095551409,1.0,0.5366782711812372,True,False,"[0.41181127287635744, 0.7189993604137166, 176.1154780987016, 98.90638950556084, 298.337555643781, 0.7055582301805495, 0.3765002632843487, 210.7674066409556, 9.878800104523107, 220.82617495429855]"
0.2362143478103646,14.08087469939618,1.0,0.3034984603734695,True,False,"[0.47312957447546766, 0.8136096645401673, 179.92013240571595, 92.52215613984553, 301.8276917516122, 0.6829949738877343, 0.3160541724370609, 215.63373428196945, 15.095119173115704, 217.81475185985573]"
0.23385220433226095,14.072671248003108,1.0,0.2311674639275455,True,False,"[0.5202808812786898, 0.8409600564838846, 175.19851092047367, 88.63194990378895, 300.35399245284384, 0.6430954694394204, 0.3565049932656732, 211.67859838489716, 22.485632367175555, 216.640364070008]"
0.23151368228893834,14.06944270097245,1.0,0.8996583897467298,True,False,"[0.5506024884190887, 0.8481545715573183, 180.02052711302807, 85.0438954165533, 299.3605125612507, 0.5496542250243804, 0.4046857886381203, 210.259405808683, 30.076551672844857, 221.43689337509238]"
0.22919854546604895,14.056076780651896,1.0,0.16841661019670784,True,False,"[0.5547189957809533, 0.8947135376944542, 175.09144925279, 93.10028836577894, 301.10361762057073, 0.5325360100895675, 0.4028666251428164, 205.9519330507944, 33.429330307104046, 218.7650705582663]"
0.22690656001138845,14.027766901099726,1.0,0.4663794930142897,True,False,"[0.49821754488411096, 0.9150786268484661, 178.8261156481345, 86.92288150368778, 301.81976106664354, 0.5470009013171812, 0.3647514002064411, 203.54008963736956, 24.002832421639457, 218.89828489845232]"
0.22463749441127456,14.083418524968788,0.7805631029881163,0.6307630942765527,True,False,"[0.5505485720830556, 0.8206262514160565, 183.5912021451371, 88.56854691140231, 306.40007136693157, 0.5043837921856177, 0.35969775103611956, 202.1762123267887, 28.66690880948699, 215.558990401138]"
0.2223911194671618,14.108136016137315,0.8948096754412882,0.2320920486681074,True,False,"[0.5951055779674618, 0.7356450922024272, 188.43762616561418, 95.52457408133185, 307.05976384052553, 0.5420018318454172, 0.41034090994044836, 200.9314216009688, 37.07889760820646, 212.3090475137287]"
0.2201672082724902,14.100360452516913,1.0,0.5745422008330812,True,False,"[0.5504497979918316, 0.7798078227243747, 186.8278530326246, 96.17208835614898, 311.35247027885146, 0.5627644050524643, 0.34313293830209224, 198.22328449754923, 40.588371777326095, 207.81734034660008]"
0.2179655361897653,14.067198951581009,1.0,0.4335400900261662,True,False,"[0.45715158449801985, 0.8589647150860651, 189.7526485549696, 101.93658595113342, 314.9408518541394, 0.6189942436673951, 0.35720737121877755, 199.10984237856863, 50.26804929914648, 212.29680747985563]"
0.21578588082786765,14.098046168914422,0.866794894415358,0.29165160465677886,True,False,"[0.4240069537464343, 0.8076884579494363, 187.6849667416793, 95.33802828632368, 311.6387273342108, 0.7186784694169868, 0.3505946112284967, 199.4209047747235, 42.305717704842145, 213.6527056488529]"
0.21362802201958897,14.095254501604952,1.0,0.6813129402914267,True,False,"[0.343571160767983, 0.8762271476577546, 187.25833659394598, 89.08675572764398, 313.0235807657301, 0.6703129014464702, 0.29877859517667027, 203.78155557744117, 44.25944260846758, 218.52054269978186]"
0.2114917417993931,14.14714982021556,0.7824091092160167,0.09305470287664652,True,False,"[0.27121905534600893, 0.8713448923448327, 183.27759153607036, 82.86900889082507, 313.51551528712116, 0.5840975117469501, 0.34465191660584915, 204.21975703942283, 37.794125166255384, 217.95969262191198]"
0.20937682438139915,14.146786239268403,1.0,0.10020252718226519,True,False,"[0.25496021891639353, 0.7992829283345038, 186.27497363012006, 78.5089266472071, 315.7520583408379, 0.5849651228166658, 0.2858289714717751, 203.4530391765515, 39.23231326705523, 221.5761567000931]"
0.20728305613758516,14.173914336048467,0.8773277432520123,0.15117209766178807,True,False,"[0.22684923951205424, 0.8591502596364022, 184.5181683925339, 83.58859316462218, 314.2252685098151, 0.5748393604133539, 0.21776731741241467, 202.74071576430805, 49.06758527139075, 217.14805779153306]"
0.2052102255762093,14.216973161519519,0.8107237801468783,0.5789392521570342,True,False,"[0.22470668126727195, 0.9094102359491142, 184.0156227245337, 85.51550850934024, 310.7797993129157, 0.6690813271417766, 0.24802367231952618, 200.20636596652096, 50.13405844828415, 217.45030460581768]"
0.2031581233204472,14.175658025470572,1.0,0.3172252045539037,True,False,"[0.25667222659983585, 0.8804234755676578, 183.9761499696665, 94.1978812858634, 309.35799380822533, 0.7443420840643006, 0.29161401053922675, 199.3059376642367, 59.74095267141858, 220.03184224417095]"
0.20112654208724273,14.168246888454446,1.0,0.5025483877741121,True,False,"[0.2600539803030428, 0.8534318535498431, 180.44623578933422, 86.48420422645657, 314.33242583224757, 0.8342385238127742, 0.21498296456117671, 202.9304495608646, 59.838447074175214, 219.26705094952294]"
0.1991152766663703,14.140490165835386,1.0,0.10740032614754835,True,False,"[0.31027839868222584, 0.7978410891543809, 177.42290247579703, 83.61464454023087, 312.374012405934, 0.794469355029946, 0.1531625950565838, 198.8511881926889, 66.05656198611753, 219.31594991340643]"
0.1971241238997066,14.128447002354271,1.0,0.2565361574233298,True,False,"[0.34607233225533574, 0.8106936378974808, 178.76156577769248, 88.74789382172803, 312.51700865486225, 0.838971457944069, 0.14407226001943574, 197.4869785423881, 67.9640674561046, 219.91626996173397]"
0.19515288266070954,14.131891672592882,0.982503731923527,0.6955699662123456,True,False,"[0.3254737062359398, 0.8461474023252799, 178.91259918184988, 96.65719349448418, 312.4493117602098, 0.8608090333537414, 0.16589628964125866, 200.86562960993618, 58.83481341235429, 223.28337907930606]"
0.19320135383410245,14.096877574332922,1.0,0.20061872434760286,True,False,"[0.3487377619208286, 0.9004384799021955, 181.09340135967486, 95.39029469072075, 309.1705864672794, 0.862716194915528, 0.1938981978898933, 202.8855155435833, 58.72640541795342, 219.3719911212161]"
0.19126934029576143,14.09845484017657,0.9917875997755393,0.8971185479837951,True,False,"[0.3732320544965611, 0.8582577997911646, 178.82273641513132, 103.85181871181874, 306.2157521122313, 0.8385327127698805, 0.17617777647489702, 205.5518885335407, 59.0743018235928, 220.1809811996913]"
0.18935664689280382,14.129851067918974,0.8472116529206211,0.3012526440515608,True,False,"[0.41635259622709453, 0.7824693276234759, 175.12002353572885, 107.56551493678532, 303.0965956761531, 0.8761180845961238, 0.2290563881382335, 209.89675911200425, 59.936254676989655, 217.72024518179305]"
0.18746308042387577,14.161255285734926,0.8457578856298622,0.9907202412617753,False,False,"[0.508813202716611, 0.6890500710010544, 170.5499528750847, 102.70875428788406, 304.61766452581, 0.8536439985353501, 0.32112513239743234, 205.7211566828327, 64.74961699267779, 218.58856711628147]"
0.18558844961963702,14.076943540722631,1.0,0.8685546883081141,True,False,"[0.3949778221206718, 0.8732209270648894, 174.44797613490996, 98.50740142872517, 307.6121366637404, 0.7920805090340957, 0.24938761339383508, 213.91646660330557, 56.365797970219774, 215.7955915286197]"
0.18373256512344066,14.05760762307138,1.0,0.9396853760091844,True,False,"[0.4931104154874143, 0.8869666255067482, 174.10369563341135, 101.98279937243971, 307.55871715421256, 0.8205033741395336, 0.18047559716070813, 211.21679956989115, 53.83123184148981, 218.33134376313419]"
0.18189523947220626,14.111464369017535,0.7437230068188689,0.35942040778799544,True,False,"[0.5228751722206872, 0.8399004551475089, 169.606124208252, 97.54979382910372, 307.3738335047883, 0.9024280866198648, 0.21131214577001653, 211.76429600415096, 56.87749734483775, 217.6325317541649]"
0.1800762870774842,14.102760184657019,1.0,0.562952516943185,True,False,"[0.4943114727601011, 0.8296235793738947, 165.9324567808007, 91.47515330225035, 309.93681376327436, 0.8959558805807778, 0.14227780894963352, 213.47672213659587, 60.98624224844086, 216.16132567357425]"
0.17827552420670933,14.122474253279801,0.8953128883941853,0.08661660767747159,True,False,"[0.5621003581907632, 0.7965029067688957, 162.32227519082045, 93.66517243749321, 312.13586581305674, 0.8727149259736431, 0.11703005039658347, 208.84833186748335, 63.16002743629466, 219.285086068908]"
0.17649276896464225,14.061205446527657,1.0,0.2598622537920109,True,False,"[0.4892571630858871, 0.8937971406796824, 165.42620813990575, 96.35349485029064, 317.0912266753106, 0.8663059979167755, 0.1384988370227161, 210.97366991036972, 69.44990421110236, 217.88955123505042]"
0.17472784127499583,14.100467020815577,0.7987547656611702,0.5051545344527039,True,False,"[0.5427757486948871, 0.8471333743503549, 166.12867879249558, 100.54629541642069, 320.76450270032836, 0.8244851794389448, 0.23564362770422712, 208.93865283203573, 62.394070995413195, 221.22679084668997]"
0.17298056286224586,14.150823018634728,0.7474350711278992,0.5148705929528086,True,False,"[0.4926996774632835, 0.7520454712768861, 164.77360163672253, 104.26898357950068, 318.13662427548246, 0.8829809615222962, 0.2242080237452408, 204.0261845017749, 68.24204401656782, 219.7323160062959]"
0.1712507572336234,14.171528489152896,0.8861160788882675,0.7904679350036861,True,False,"[0.4748426658649135, 0.6737024534084999, 166.3289282695469, 113.576228882424, 313.71166815306947, 0.8112829448954415, 0.23727857709896025, 199.53298148231318, 77.02640311375859, 216.83069925556256]"
0.16953824966128717,14.175995609487696,0.9739953530592997,0.44181257848623345,True,False,"[0.3976552909208701, 0.6681310636252437, 166.5991292411807, 110.54092975283184, 315.9069781143907, 0.8184846201886633, 0.1945954521209649, 199.670345516879, 82.53684313382652, 212.32835748024027]"
0.16784286716467428,14.170309739835439,1.0,0.2840054192860251,True,False,"[0.437177516589376, 0.6633614575729331, 170.17546626576245, 107.02166194729844, 319.9044182512069, 0.8308043340659372, 0.2124346128319094, 202.40316551467905, 85.09559149121544, 212.36245781549852]"
0.16616443849302753,14.19663121483101,0.8535030303370469,0.19318587053186242,True,False,"[0.4716815363419862, 0.5935007964273182, 169.2213824261936, 98.08262693421835, 316.77351259858625, 0.8608572289489844, 0.30726717109321156, 201.26917976701705, 88.77067622007583, 215.42227838957115]"
0.16450279410809726,14.225117669823895,0.8409971584035165,0.008895174307875897,True,False,"[0.49110024285516996, 0.5016771456809013, 167.3076481760565, 104.42416851876902, 316.3090038603171, 0.7725126697332272, 0.3542567460707979, 202.11034512553223, 93.90884999542332, 212.9885387496266]"
0.16285776616701628,14.224717812853797,1.0,0.4486340129407146,True,False,"[0.4504442034570116, 0.5745057492675363, 163.881801817486, 112.1130871781875, 320.6279964056465, 0.7868729136658572, 0.3565235057454271, 198.20873720093408, 102.67164775701664, 216.27871846444503]"
0.16122918850534612,14.223868841300785,1.0,0.5498700215642496,True,False,"[0.37112718021758445, 0.5707553479647504, 159.40935749269107, 104.14156121575323, 316.2488981662613, 0.6927902863106741, 0.4117958480124234, 200.9512152338658, 100.60855842303357, 218.5464486866307]"
0.15961689662029266,14.235357625347739,0.9305520727733344,0.7773572918878772,True,False,"[0.3240269167259489, 0.5276783578913764, 154.97891016520765, 101.18788322607887, 320.1591185256825, 0.7586228563555931, 0.4671668486004652, 201.70252603064185, 105.32595174067147, 221.7441881861265]"
0.15802072765408973,14.241981335048283,0.9589496440027128,0.9554488217255148,True,False,"[0.30611681334367824, 0.6127939368298307, 154.77392607984908, 109.69918193529452, 321.34844552634706, 0.8476029877795062, 0.3673538047255494, 196.9763274153332, 101.19565481347354, 222.03887091948945]"
0.15644052037754883,14.241805246385724,1.0,0.6778602162809999,True,False,"[0.39603566639674487, 0.5681425032240544, 149.94511997177617, 113.75111055351407, 321.10442503170805, 0.8424988831983952, 0.2811501575242462, 195.1331154456909, 97.10781634344208, 221.5547313860789]"
0.15487611517377334,14.227690035168202,1.0,0.4108083456344659,True,False,"[0.32775462745053363, 0.5397572330562254, 152.58433954584766, 111.37333991613565, 323.6598489297449, 0.7922873279264363, 0.21588897701570078, 192.73075635634692, 89.55455846751005, 222.36920337301277]"
0.1533273540220356,14.220555608418326,1.0,0.32100314968511934,True,False,"[0.23262754865195506, 0.48650483350291973, 156.03230919409526, 104.52664392252888, 321.56882820411755, 0.7891844304407847, 0.18862569610349814, 197.46727493957766, 81.60309133823792, 220.1323040241919]"
0.15179408048181522,14.230592584634639,0.9360163671428292,0.4450813506223471,True,False,"[0.1469508525718055, 0.47467436106760297, 155.58127617487162, 101.1113322239642, 323.7724129077782, 0.7060242288333971, 0.13875425188122237, 198.91774080454925, 91.43384962433362, 222.827473274397]"
0.15027613967699707,14.218816706567013,1.0,0.19826674241511422,True,False,"[0.19746070738724805, 0.4632300926886662, 159.3328958817951, 92.94097989006039, 319.8549898704892, 0.6217321731072778, 0.22583769445278262, 200.2813168875596, 98.43647967310746, 220.0832495532926]"
0.1487733782802271,14.219991340219776,0.9921356313057543,0.8455145728865098,True,False,"[0.24442571024386697, 0.5300835953988551, 163.840654187606, 91.14270546176215, 315.2029576848346, 0.6902770578685231, 0.2782891937844516, 195.31112112196809, 105.98948812236267, 216.12079902996317]"
0.14728564449742484,14.228984792331648,0.9407655742686266,0.9481971739271532,False,False,"[0.3112326051157185, 0.47208704824759895, 168.3627821825519, 99.28050693058896, 310.8526564590236, 0.7476190299694614, 0.3676477896409226, 192.2032642247216, 104.37001655545023, 214.91448656621563]"
0.1458127880524506,14.226208626270648,0.958257425553097,0.5203756196330726,True,False,"[0.18957471734240805, 0.5546163546926334, 163.88765260632695, 85.69315880485274, 320.02978751739863, 0.7733184229548777, 0.3720355890788861, 195.1402878691735, 101.0859069257065, 220.41172624563293]"
0.14435466017192608,14.222679613499775,1.0,0.38127267312192237,True,False,"[0.26071340584683267, 0.5237328760444632, 160.30112455718725, 91.79693582587188, 319.0852118117602, 0.7536317685077792, 0.35438228447340436, 193.48854207288358, 98.5599323484459, 223.29819161580411]"
0.1429111135702068,14.222950612060245,0.998105523270064,0.4803756330275675,True,False,"[0.20040722943053943, 0.5763259180427361, 156.84820756184172, 84.73025139049669, 320.7264343538981, 0.7071887042570428, 0.3415544970110749, 190.2570117871785, 90.90713292060289, 226.50942342813116]"
0.14148200243450473,14.237712982114886,0.9009180546643842,0.17215102973991292,True,False,"[0.16616396067513278, 0.6067423731836638, 154.55606715958774, 85.52506701176317, 317.8577545807956, 0.7268189453183347, 0.4051244336696014, 192.87393736872352, 93.72651830387392, 230.63500257636596]"
0.1400671824101597,14.263062384311098,0.8344517882773524,0.7453293079338892,True,False,"[0.12491477277358101, 0.6983524833198193, 158.74714671539485, 91.83837187781502, 322.7365289423061, 0.7216335432246685, 0.35634931186635826, 196.2456977873022, 96.10359783878098, 234.20763559293903]"
0.1386665105860581,14.227324090372178,1.0,0.3129034758115635,True,False,"[0.16932006593954582, 0.6459459493959799, 155.02671421556957, 96.59490029455074, 327.1474571799019, 0.6500911694228038, 0.27857217250622635, 201.13025022104264, 86.57747124582922, 229.6511912831368]"
0.13727984548019753,14.224326683425513,1.0,0.3787070881169071,True,False,"[0.16407804107497478, 0.7081026103136402, 159.19591350782395, 95.37038552189529, 329.36332053763175, 0.6119223455201758, 0.34428849917152005, 202.1368412179922, 79.73458382191022, 229.11392430773566]"
0.13590704702539555,14.199690228047686,1.0,0.8500851670565255,True,False,"[0.2266492895116416, 0.6098931393690887, 163.28615376231988, 87.01379650421416, 329.87972474821765, 0.5422092565210964, 0.3885627718041846, 201.24815561504076, 86.96819217836438, 232.73961811387375]"
0.13454797655514159,14.210063537597524,0.9257996048886383,0.1548278996950273,True,False,"[0.1696200255033939, 0.6225831772156721, 160.83373157146355, 80.98603154987514, 329.01733219610526, 0.5413923560809313, 0.3303885114266812, 204.79423745690747, 95.13457350694435, 235.72917434615255]"
0.13320249678959017,14.204181552152832,1.0,0.7188414888897867,True,False,"[0.2199835560675341, 0.5272752160668709, 158.46365319160984, 78.47372228719898, 328.5101612964694, 0.451868940358943, 0.28540899762554756, 203.77515970610494, 104.03559927368343, 233.12232774239652]"
0.13187047182169429,14.182741669223319,1.0,0.6121394267399415,True,False,"[0.2914046083764218, 0.5797713040543028, 158.34477532179153, 79.85919291089078, 324.0548219850373, 0.456245771871377, 0.18581165611805717, 199.13828522000958, 112.04126872648065, 232.2082628225506]"
0.13055176710347735,14.177111706418982,1.0,0.27931681659004204,True,False,"[0.3036087855674696, 0.679373006683448, 162.31824652845486, 81.42309179726124, 325.9361801839446, 0.3918673219018721, 0.17750820864362207, 195.72379374932376, 117.85584072205015, 233.33741535941203]"
0.1292462494324426,14.162916367278939,1.0,0.9996836021279549,True,False,"[0.36420056591762756, 0.5866497044937374, 163.6213379509383, 87.64594887934359, 321.60233560892107, 0.39248213873495025, 0.24654084065552184, 199.5182834785151, 109.41182016454295, 235.2534831153671]"
0.12795378693811815,14.148053098745313,1.0,0.2883396625279916,True,False,"[0.43379433041163207, 0.5813063275144081, 164.83277839052118, 83.18860221791937, 318.5344699459106, 0.346477170406813, 0.2749260730922263, 202.95149502722876, 100.43097881214112, 237.3487805681761]"
0.12667424906873698,14.14771696096815,1.0,0.9006720305072948,True,False,"[0.4232340573841276, 0.609918739165471, 168.41230067827914, 84.2591200625738, 320.05483770202494, 0.3563264166789226, 0.18584968469162272, 198.3433189564767, 95.42342821555833, 238.14688508824563]"
0.1254075065780496,14.148544601409574,0.9934221211268747,0.30529466542426853,True,False,"[0.3599061919418661, 0.5557228018453162, 172.40459234830166, 79.81627759346344, 320.12813587326684, 0.3415120251697345, 0.1624518103745658, 199.16663612818587, 98.69604767528034, 241.0937471287823]"
0.12415343151226911,14.158336865303813,0.9241579527354284,0.5614672612818734,True,False,"[0.30366300735767926, 0.5342278244149921, 169.1319191047165, 80.80034231712801, 320.80997582693277, 0.28547166193579704, 0.24547987263690862, 195.29073405176098, 106.56671966922829, 240.9594891455574]"
0.12291189719714642,14.157893335171334,1.0,0.2625993767875868,True,False,"[0.2988916536954347, 0.5146695558124993, 164.75655061962323, 79.60678782191715, 317.8078982696996, 0.3727625558101324, 0.31725085168099887, 196.42665890547178, 105.01530920733012, 238.624663082695]"
0.12168277822517495,14.18804482086837,0.780525695739693,0.059989235827159426,True,False,"[0.2562067224969102, 0.4237199243781532, 168.4579542300887, 75.97144974157526, 315.7196837227509, 0.39157680218609153, 0.22672816661966308, 198.47431751699887, 113.25266856449488, 243.03228779062135]"
0.1204659504429232,14.221601889914428,0.7568723897703089,0.007533528315616711,True,False,"[0.31823968017747045, 0.4520321803116564, 165.31519667201303, 69.86477725858195, 311.9399372399005, 0.4750431631384346, 0.3004677458493059, 195.82086579677792, 111.66168460768885, 239.2436956489478]"
0.11926129093849397,14.260777180224567,0.7200152669155524,0.632187404814686,True,False,"[0.31591663867017916, 0.4361820054346021, 165.93160714757056, 73.19011678560007, 309.4320319944038, 0.5166475804273425, 0.3417642569225106, 199.5955700672328, 111.78651616930078, 240.0184089527958]"
0.11806867802910903,14.2006638251912,1.0,0.6328320660787679,True,False,"[0.3947373081067872, 0.41610068861986027, 164.53528591950865, 65.45848948905191, 305.79817797423345, 0.5892611193609237, 0.24468093114676653, 203.01070897871077, 109.5182450869687, 244.26413414412082]"
0.11688799124881794,14.203108937003233,0.9792988548726735,0.30782308183675144,True,False,"[0.36922308788455965, 0.34722305943785403, 167.70369929941847, 65.41830493342383, 303.6053215230835, 0.6403698190608459, 0.21847850729779184, 202.68206170758967, 102.75816959180943, 241.83353586206567]"
0.11571911133632976,14.206914147430082,0.9676516102737459,0.0054525200173372035,True,False,"[0.38969305833694784, 0.30091842655057016, 172.0449765594395, 62.027861960847, 299.90573871113315, 0.6749258548947583, 0.23140344055112072, 205.964000592171, 109.5584569166601, 245.90829549729983]"
0.11456192022296646,14.196113647333833,1.0,0.9192633431540471,True,False,"[0.3512315244198468, 0.35210163396621946, 173.92133262144588, 67.31583497837036, 300.0487475979998, 0.6521142145941925, 0.22957550150203687, 204.5831050905022, 103.80038463835258, 242.78911094008643]"
0.1134163010207368,14.177908282261955,1.0,0.8112532752916831,True,False,"[0.2907133623188254, 0.34936734299139105, 171.73088785169818, 68.88848431134868, 300.8533189627685, 0.7159634081175708, 0.13419634573684847, 208.5966916924709, 103.03590012612061, 243.37593690006608]"
0.11228213801052943,14.177972774694398,0.9994257865444859,0.7218867137718817,True,False,"[0.1992809754508865, 0.3672007211066627, 167.9187058918519, 73.542617580048, 299.96685058534615, 0.6835872511370986, 0.11459065275156968, 208.93264243490742, 96.56162778281009, 247.0399263085101]"
0.11115931663042414,14.19672248910255,0.8447840466308825,0.22566136809681137,True,False,"[0.15807547782365983, 0.378251741650375, 164.50971304609203, 75.97810445117108, 303.03454363233794, 0.6156183415633878, 0.15351184518853075, 207.6293165051964, 97.01707597265563, 250.48785304450476]"
0.1100477234641199,14.212718826952273,0.8647125066266568,0.32009092661938365,True,False,"[0.15123273129974327, 0.3901521932918634, 165.77695234780475, 79.35422307866492, 307.6748354174287, 0.6266312782437011, 0.23360684196865053, 205.14962092861253, 105.94752506491726, 249.84955229174722]"
0.1089472462294787,14.199003510691956,1.0,0.5723212056850516,True,False,"[0.21643908959005773, 0.40310763579588826, 169.53488604683668, 80.54084801989762, 310.49216075109956, 0.6874173248259513, 0.2529570861475451, 204.90372416988112, 101.40634969859218, 247.06142990472935]"
0.1078577737671839,14.197967882529413,1.0,0.6624088344404371,True,False,"[0.28615180289087666, 0.407308736590688, 174.38241708117843, 79.59845422534794, 310.8114102517504, 0.6944836173837136, 0.2624504197057874, 203.0623485279812, 108.5750149067278, 252.02556450177443]"
0.10677919602951207,14.195489117833624,1.0,3.460345668404585e-05,True,False,"[0.3340428950875026, 0.31200790661406097, 177.03483055956008, 87.49299981418778, 308.0615236852422, 0.752541859294247, 0.1684321493953459, 199.81138212005033, 101.66061581566171, 252.1491145942203]"
0.10571140406921695,14.197914929280788,0.9773138006244675,0.7744691075958893,True,False,"[0.405855643515204, 0.2787414114345707, 175.84698058639412, 78.16779134836146, 305.31581045075086, 0.7238076799662079, 0.2638826869122949, 201.96246479661139, 92.70784932264542, 252.15273864585075]"
0.10465429002852478,14.214197656022655,0.8559135930068469,0.5322391625003343,True,False,"[0.5028760240185535, 0.23507630821107103, 174.72976783680704, 87.88132827233457, 303.1295055957631, 0.7551968814613016, 0.2471490309809583, 198.77477306996659, 87.13433791541941, 252.31653101076535]"
0.10360774712823953,14.187909809837947,1.0,0.934098450815336,True,False,"[0.44124299438383985, 0.18876846877305065, 177.55220761002806, 91.89162367957198, 303.52365169973706, 0.7943941315407357, 0.3166058909422166, 194.82755963745552, 78.0713052357638, 253.2518529005165]"
0.10257166965695713,14.185576178889264,1.0,0.3977674597678241,True,False,"[0.36794965126631574, 0.11467727988772333, 173.05218218687727, 101.70253042493155, 308.351005306003, 0.843487884041483, 0.3718373156965753, 197.15175136523285, 79.94575285469836, 255.45534732361673]"
0.10154595296038756,14.201686378739769,0.8532955110745654,0.9302492582339001,False,False,"[0.3063305480839681, 0.14597822105971794, 173.27838796111834, 98.84058152661513, 307.64339739278284, 0.8761210823647516, 0.3119017717637007, 201.8136022572144, 83.08686252975103, 256.70173491535826]"
0.10053049343078369,14.214325820527414,0.7512781560480366,0.9564951027023791,False,False,"[0.34927056387812894, 0.11557192195252869, 176.12544516669894, 94.12550721469673, 310.76849569161647, 0.9004387373478618, 0.44838026938860925, 195.109058872619, 89.02297207033816, 259.4583042014521]"
0.09952518849647585,14.177348329107494,1.0,0.5694578332419988,True,False,"[0.2726862029777798, 0.1272243217403831, 176.41634653770828, 101.10588282726586, 310.9431571720225, 0.7445059333283919, 0.376613711013562, 196.1367292296832, 75.90811744948584, 256.4363483744904]"
0.09852993661151109,14.15875675661348,1.0,0.3039911761475459,True,False,"[0.24845111669310804, 0.08757142238760027, 179.36719613556835, 103.24417331441744, 310.37475386162305, 0.7240492927965694, 0.4491251569725963, 200.1718193736615, 83.61941600161909, 260.4659818551234]"
0.09754463724539598,14.170983762325678,0.8821900232446379,0.6025827176021359,True,False,"[0.18066437398563093, 0.13061117834686248, 182.90577348733518, 100.82433614928595, 308.696997322663, 0.7058791595488522, 0.49554803579779916, 200.8603834914791, 83.46229632136291, 263.59145769223903]"
0.09656919087294202,14.175948738178082,0.9498856565359105,0.39395541814200874,True,False,"[0.18913291749868621, 0.16492451112302275, 179.67421360291974, 105.14158968818167, 307.71136821446123, 0.6836031019310256, 0.47468473186359667, 203.1377029351935, 76.56674517195253, 266.32650713826416]"
0.09560349896421261,14.189906272867283,0.8641629110927207,0.4716225377851,True,False,"[0.22928729392319455, 0.23389039687520083, 178.0744560958686, 104.13210788256399, 305.90776520953824, 0.7761795512660029, 0.4990324687353973, 200.6170648692057, 79.19313729086137, 270.3286364929731]"
0.09464746397457048,14.211432154192721,0.7965764244404966,0.3667002425114354,True,False,"[0.20596344944464728, 0.2911792679219075, 176.47694131926994, 106.9614932992604, 301.09685277887854, 0.8444356187073789, 0.5413878431097862, 195.79173038501617, 76.06520138113402, 266.12604105376306]"
0.09370098933482478,14.20139652210339,1.0,0.07397867262122981,True,False,"[0.19054170873515605, 0.27704152981845953, 175.4507486791604, 109.56670112643027, 303.9057273840389, 0.7691268053419286, 0.45414574412161546, 195.8553594502734, 67.88086538819897, 266.3021926802947]"
0.09276397944147653,14.230951532856896,0.727163168020663,0.8798596204152688,False,False,"[0.139640399811743, 0.22793719776962423, 171.64208535841877, 118.08509939636565, 304.60293778834813, 0.8446646438078966, 0.4453442597763479, 199.47387125036747, 77.10261670481782, 267.98307738882517]"
0.09183633964706177,14.204306832537112,0.9688066881136711,0.26273067752127266,True,False,"[0.2678468361483358, 0.2199535998530998, 172.39235968744813, 117.32817999324917, 307.83152302161454, 0.7199515877110243, 0.4023204923200865, 191.70060675922278, 75.12461209567186, 269.78420286796916]"
0.09091797625059116,14.19884157896892,1.0,0.8289084478626887,True,False,"[0.2771543208580862, 0.19671895985764565, 176.01699069092396, 119.01055599900913, 311.83087235391184, 0.6976366091869217, 0.4128969075955078, 192.7838924437717, 84.34576811476839, 269.13628689454225]"
0.09000879648808524,14.204280532972522,0.9413625648478959,0.010137017602290799,True,False,"[0.29998058187003096, 0.16649041506315548, 175.81434947017806, 119.79669103077886, 313.9794945468727, 0.7965884091848706, 0.44856582687267943, 194.26071156174714, 90.55717372063545, 271.20498284190023]"
0.08910870852320439,14.20757275087212,0.9637280935620242,0.220284548946442,True,False,"[0.3872879593574081, 0.22107452817892506, 176.56550588697638, 121.29456654794734, 316.6939361251837, 0.7746758395951757, 0.49263584789054, 194.53344459738145, 100.06736744073817, 270.15184340225466]"
0.08821762143797235,14.217209228770852,0.8965194461688488,0.11744722576571376,True,False,"[0.4621285057093175, 0.3111220362869156, 176.7611353361062, 113.93406571411043, 320.8705148746329, 0.7583589027293907, 0.396718596264188, 190.87037220713387, 96.58825797470577, 268.7431552084739]"
0.08733544522359263,14.230216360779224,0.8616268208026433,0.8021915584193273,True,False,"[0.5493050230334346, 0.3439222683296367, 178.62416041757763, 117.51373350250284, 320.9216390497945, 0.7401387800631672, 0.39985291082911745, 194.88176500472622, 93.17332613520777, 270.4597057239244]"
0.0864620907713567,14.232130012622438,0.9781102917366482,0.7178970621838874,True,False,"[0.47833418473090716, 0.31190550606429207, 182.5371767773891, 125.84956088451156, 322.2675172854533, 0.7948762422115511, 0.32788055734152044, 195.0002985829203, 101.27804270449083, 271.9950239377276]"
0.08559746986364314,14.24094130778834,0.9021822450487786,0.7674075514745615,True,False,"[0.565748306201449, 0.24513539444568455, 184.27136341992437, 128.7973968144152, 325.5228858737908, 0.8891006713064, 0.4170929915874289, 194.5650162234101, 101.41077617506308, 269.1313072858067]"
0.0847414951650067,14.237584561759562,1.0,0.93876618459562,True,False,"[0.5033207233095456, 0.3312635328803259, 180.95509144401308, 124.71457937600684, 328.8415234816824, 0.8070853864244227, 0.3573415061023951, 197.88172113033332, 108.8998042494707, 269.6937696171916]"
0.08389408021335663,14.2188430497761,1.0,0.3465395159523147,True,False,"[0.5991930290410801, 0.34153385475511666, 180.92222832733472, 124.66326464179737, 330.13160256181527, 0.7834978024680797, 0.45139574083718104, 197.566211921862, 117.25487243103751, 267.77684798978817]"
0.08305513941122307,14.204093138374244,1.0,0.6435010139357713,True,False,"[0.6712504374717662, 0.2833266918326146, 176.9415534162961, 122.12971638813909, 331.05952121914174, 0.8096962972907559, 0.49151088482436905, 195.16243633308937, 121.31779230998482, 263.6906453625529]"
0.08222458801711084,14.15749401477035,1.0,0.5333740728567071,True,False,"[0.7603707450381577, 0.27467007339479654, 178.2538741869866, 121.03398151546452, 326.7114035417115, 0.735551708657228, 0.44672096916801807, 199.22622173232867, 117.91782220058705, 265.82363444105385]"
0.08140234213693973,14.20141190009522,0.5830302325300025,0.4709652954069762,True,False,"[0.7048210583066447, 0.21529742598399865, 174.7198595919857, 116.27706164262717, 325.1064535578975, 0.7902923279270655, 0.533176824893945, 198.3919339292452, 123.51040411992203, 264.4842556283608]"
0.08058831871557033,14.200506937596343,1.0,0.7425396649734741,True,False,"[0.7761876944125058, 0.17440204410667717, 176.31394394007643, 113.00644992976413, 322.2079130858067, 0.7044418744136033, 0.610047160156957, 199.7492211955703, 123.66267150509444, 262.54613087357905]"
0.07978243552841463,14.191940295924457,1.0,0.9398823620666465,True,False,"[0.7751226750980741, 0.1552527459936252, 179.82588356296327, 107.6076250608965, 326.1519996471991, 0.730313004517925, 0.5730175272593646, 196.77019720337577, 119.79035387280655, 260.3421625968818]"
0.07898461117313048,14.175448471474638,1.0,0.8151898758955843,True,False,"[0.7039203930225469, 0.1543699066522748, 181.80702114805229, 105.1563946259015, 327.7324735995185, 0.6530756086371493, 0.649866434056978, 199.3041482568655, 120.10377718403976, 256.8065743373272]"
0.07819476506139918,14.15828141342276,1.0,0.6952795223216334,True,False,"[0.7085404657350084, 0.1007135403734862, 180.92251438090943, 95.19266956291402, 331.6880127772751, 0.6426323379301623, 0.5557656991355173, 197.7429908606823, 113.38075021592725, 255.58252726569935]"
0.07741281741078518,14.154731375884005,1.0,0.002514844037793784,True,False,"[0.7778612559368122, 0.08251088403645701, 185.80450594223453, 100.89272855672357, 331.8903859498967, 0.5663610515447003, 0.47714429163016925, 198.04702309388492, 106.87820558568657, 254.0666719641631]"
0.07663868923667733,14.15108473646131,1.0,0.5783154321479169,True,False,"[0.7372821470529565, 0.09600500766047204, 189.36635577691203, 97.1309219104937, 332.7983362992653, 0.5104266083391957, 0.4877134047431564, 194.7383779559657, 98.53837451354784, 252.30680142914903]"
0.07587230234431055,14.154093930507173,0.961114914906786,0.6138882863522673,True,False,"[0.6908134169377773, 0.12507082198637617, 187.43731365430028, 103.2300961420462, 337.6512742447129, 0.5937829350768976, 0.46694234053314077, 191.80824808707357, 93.97864146403361, 250.3707075137603]"
0.07511357932086744,14.14537974837786,1.0,0.18632862531144911,True,False,"[0.6329177596918903, 0.11307785799938916, 190.01485970280035, 95.7763675726498, 335.6348417834223, 0.6738679335082294, 0.5044786349094847, 191.4184822554554, 90.15199890169094, 246.50669067109445]"
0.07436244352765876,14.151184623885582,0.9249071496678837,0.002250993802907497,True,False,"[0.7104004616784004, 0.15232328051729896, 194.17208345982584, 95.72324791287664, 335.2533073788576, 0.6420517711923901, 0.44594057790608865, 192.43152857415527, 96.6912252534586, 242.7786076398067]"
0.07361881909238217,14.140739407063947,1.0,0.6039419295177526,True,False,"[0.6817906459940472, 0.09491793955696409, 196.61553896715483, 96.50861693221532, 335.10439604407253, 0.7406381323641232, 0.4392116681563675, 195.30534822425386, 96.84142595418723, 239.86164594512525]"
0.07288263090145836,14.145680857780789,0.9344472374069662,0.6579781132954812,True,False,"[0.7569426139834685, 0.09790498975095742, 192.24524211844232, 103.30296745067349, 337.8527313664256, 0.6661455837453563, 0.4613972202809522, 194.9702392858959, 88.38762830514735, 241.7449980648409]"
0.07215380459244378,14.17299422157987,0.6848580834922345,0.3666990970264379,True,False,"[0.8208384950847176, 0.19040199805861235, 190.21789353345605, 108.75875274374789, 340.6756499024371, 0.6272206654407642, 0.49583064139152483, 198.26706109791778, 83.84429183349906, 237.96664517236195]"
0.07143226654651934,14.180809357699594,0.8963661984196784,0.8835446219162716,True,False,"[0.8225793282095399, 0.18838278493212246, 188.6058230961682, 103.78451615094757, 338.1270574137707, 0.625965714249675, 0.44417107752650736, 197.9904649127659, 88.67787743214217, 239.594339544727]"
0.07071794388105414,14.17508251262068,1.0,0.1482681172057041,True,False,"[0.8656921313275667, 0.10638172392181364, 185.31006899063195, 98.4689067863981, 333.49253566109815, 0.644596906680368, 0.4393266347968916, 198.15130612041722, 91.19221935711037, 243.77338470326097]"
0.07001076444224359,14.167415172651069,1.0,0.760802062541631,True,False,"[0.8447985697293128, 0.10283991694553993, 186.55882251031431, 88.6978233978343, 331.38222994434074, 0.6340623032320377, 0.42559663500479483, 194.54402133818985, 93.28025396451997, 248.44077829972935]"
0.06931065679782115,14.194812404293385,0.6734903156204104,0.01886233028411488,True,False,"[0.8924846871510254, 0.14305103784908493, 189.2166188120671, 93.70677871578367, 330.8798358966634, 0.6007993877952861, 0.42299461370774927, 197.54777960992132, 92.76837168992607, 245.72708754545988]"
0.06861755022984294,14.16945831563488,1.0,0.6997232475039894,True,False,"[0.7938308171531793, 0.20701295173310957, 186.59255653668123, 87.18691284636033, 330.1013423797396, 0.541556419627892, 0.46286209286552055, 199.8338884616499, 83.39037912622221, 243.9103112027948]"
0.0679313747275445,14.139218698382306,1.0,0.41947055262001964,True,False,"[0.7084503130563675, 0.11111034048367459, 189.6390270306678, 94.19011608712826, 333.2045460974221, 0.640347066839223, 0.4681169109030813, 204.22801002302643, 90.68253435857547, 242.3794051491085]"
0.06725206098026905,14.149573742081127,0.8572946308270519,0.45172366907778094,True,False,"[0.7534393945555862, 0.20636276303633566, 188.41212676084137, 93.3681269728255, 328.93042222387976, 0.6888267357651296, 0.5605952080669427, 207.6997801803349, 83.00769289195233, 244.03732281791252]"
0.06657954037046636,14.123251798437394,1.0,0.039982054353769225,True,False,"[0.6793603870138113, 0.28482789391894126, 190.11539407316891, 94.9527375461091, 333.5760293338699, 0.6871261599478699, 0.4869899181020612, 206.1258596091491, 87.10659749111295, 242.55981377851336]"
0.0659137449667617,14.119854141361358,1.0,0.5628573677300629,True,False,"[0.6645723990353823, 0.38376127458109566, 192.25623640473577, 86.03828600241376, 330.77733415034754, 0.7301460757333982, 0.5343498845664952, 209.07700203820633, 91.03221696798828, 240.57850135678143]"
0.06525460751709408,14.125210750065584,0.921191052924065,0.5498540415524286,True,False,"[0.6219164458982364, 0.29083215372208954, 191.05393895519668, 79.27028858714756, 327.3641848274597, 0.6304154672733081, 0.5495901905070921, 208.9902859205183, 88.1324962593022, 236.87884392775678]"
0.06460206144192314,14.182474028094262,0.4121367090210981,0.6370725120853382,False,False,"[0.5656942288320088, 0.3834984623684009, 192.18468700651835, 75.92257260253645, 324.57879927445885, 0.7101583959530638, 0.45860287429531355, 204.03732297353702, 90.66948299402173, 236.91807760975038]"
0.0639560408275039,14.13384891838647,0.873659864211783,0.9160991350784067,False,False,"[0.652698550833578, 0.2569855854294609, 195.09727454635586, 73.59783410113361, 328.0797974425, 0.6902138261317363, 0.5628491047897951, 211.9385753308701, 92.68035088981466, 241.36201886259101]"
0.06331648041922887,14.127341351358297,0.9669098375064414,0.4947635477320502,True,False,"[0.5815944159462914, 0.21383267903910919, 191.1700233186513, 74.00463525571624, 330.6873870708251, 0.6205167714434839, 0.5446460546100557, 209.87533593445875, 80.8873371613177, 234.00741550235176]"
0.06268331561503658,14.126785912786335,1.0,0.3507243539349816,True,False,"[0.5423925975075573, 0.1970659691299281, 194.28684212102564, 78.2911372902752, 331.10551142634745, 0.6556764427611147, 0.5018566986552246, 213.3482715047501, 72.87628556564506, 235.73487180440569]"
0.06205648245888622,14.119220531352381,1.0,0.5970700990130047,True,False,"[0.5121557212231587, 0.1992415238145166, 197.9419945293033, 82.4916061723199, 326.96220336298, 0.6039778706731926, 0.45108296651277974, 209.2041163650025, 67.57076242691964, 238.8173647723437]"
0.06143591763429736,14.1356712767493,0.7650831107957433,0.8355980438088301,False,False,"[0.5329463877760362, 0.26431492278292035, 195.88241808596365, 78.53300949483456, 330.49210120553585, 0.6611175848391858, 0.39329103949965843, 208.96514406372572, 73.55076500525234, 236.41223491067706]"
0.06082155845795438,14.132054265278509,0.809768939815642,0.18160993011513016,True,False,"[0.4267353956420928, 0.1907384651530536, 201.26293810217715, 90.49920561630178, 324.47965640893426, 0.6442457043304192, 0.5167629454215095, 206.68587205365793, 59.55788015918107, 236.85296407979106]"
0.060213342873374834,14.122187617732028,1.0,0.7605905913179998,True,False,"[0.39938848248736536, 0.21378282644290594, 199.65731654551678, 82.5705762480056, 322.90623491210266, 0.5580668301948032, 0.5396987569700344, 210.53348415468787, 63.12979965144685, 231.8717112163849]"
0.059611209444641086,14.118763462902697,1.0,0.18731781680814652,True,False,"[0.4625547303720239, 0.17912295245081536, 201.44501444853015, 91.05839939098045, 327.45136831828376, 0.4822862259919754, 0.5718674170769649, 209.8053933252197, 72.7721545316765, 233.67423500467933]"
0.059015097350194674,14.114599478806955,1.0,0.3020535641254509,True,False,"[0.5386825484679388, 0.08868708933359051, 196.87788260957612, 100.57655724289548, 324.3095868844422, 0.4463766671293352, 0.5675900118421798, 210.6129142322853, 81.85318262030204, 235.93240601067814]"
0.058424946376692724,14.12325468998041,0.8623083223897536,0.02890843255700315,True,False,"[0.5277708197305089, 0.08981599908646408, 201.84438368037416, 97.39586457842658, 327.66444967402606, 0.3482163389820035, 0.490529838221452, 212.9211455492332, 87.60835239813892, 237.4862371395712]"
0.057840696912925794,14.139688108609302,0.7526799640711564,0.285922207806662,True,False,"[0.48084509673645054, 0.16125808274732473, 205.24920262058686, 90.46913537739148, 326.8608197469463, 0.26738155772942546, 0.5601391045501154, 216.19766667152257, 93.19381027833796, 239.8330605619956]"
0.057262289943796535,14.133839783542552,1.0,0.9565393489851094,True,False,"[0.4093123895875308, 0.20062625230547648, 207.32333926413298, 94.78558514140647, 326.0262772864091, 0.3003143451011187, 0.5622500580473572, 217.2991317164659, 96.44140611163452, 240.49512384851278]"
0.05668966704435857,14.120057593385638,1.0,0.571049463679268,True,False,"[0.5016187705422297, 0.14992711305980302, 206.82773123666564, 85.59907814152405, 325.3681377476974, 0.3973055919856361, 0.585370791184593, 220.38911659075504, 95.71716464670415, 241.4822955635288]"
0.056122770373914985,14.121875075189637,0.968134712306372,0.9608453797480758,True,False,"[0.4925840893915473, 0.09669695601041617, 211.4682009957261, 82.94301285763365, 326.16574630730116, 0.30701831354158843, 0.5773756116336011, 220.2526531754833, 105.32697451379974, 237.13391411061934]"
0.05556154267017584,14.128835097476998,0.8822613943549213,0.23517197005882695,True,False,"[0.4606532502001254, 0.11939005606745565, 209.86018551529924, 76.77808711894991, 321.249534261761, 0.3132718522755478, 0.5158501490602876, 218.0123725630657, 107.75622596218898, 235.63067013801094]"
0.05500592724347408,14.119300409001116,1.0,0.946215633596114,True,False,"[0.3818444507887502, 0.173431134511739, 212.13499654422156, 78.14931622114807, 322.8556415571973, 0.3792321307905763, 0.6134050369255586, 220.75093812472005, 109.15764549739785, 235.7261091149878]"
0.05445586797103934,14.100974043711467,1.0,0.5902757396052207,True,False,"[0.3832558693948886, 0.16313118792036566, 212.33353507712457, 82.1847282439459, 326.35581350727233, 0.45179662126077286, 0.7095607216554326, 222.69629579816439, 103.38916402446554, 238.17899701336412]"
0.053911309291328945,14.102871657882464,0.9654134590573475,0.8441998910840974,True,False,"[0.3671086797412859, 0.24355242861961485, 211.84243821690575, 72.89680948111875, 325.22768340572367, 0.5130004866748513, 0.7251928065791311, 222.02093070026933, 111.46219487062052, 235.2317826146581]"
0.053372196198415656,14.09039685702668,1.0,0.19575552891710601,True,False,"[0.3435091583994806, 0.23406868432088082, 211.01495073870865, 68.91566063656695, 323.5967485214941, 0.4305904799139171, 0.7770011587536267, 223.2133440109007, 120.89513564412879, 239.95140481487806]"
0.052838474236431496,14.092527323329815,0.9604816899442161,0.8114198549704952,True,False,"[0.2508596215572694, 0.25275906595987113, 209.28388074624155, 62.016491922265004, 324.7180817638595, 0.45191194104993054, 0.7791461134295797, 222.63310703080643, 124.70387269710346, 243.31280886896843]"
0.05231008949406718,14.11641586477197,0.633388199518073,0.30181774730498856,True,False,"[0.2280895626228761, 0.2314761948530145, 211.51605585687287, 66.28727356974498, 329.14028620374506, 0.5012129014450639, 0.6848303171045742, 222.91038634971397, 119.12769613624437, 243.80653564589502]"
0.051786988599126504,14.089883544621543,1.0,0.08192644807290617,True,False,"[0.28591249057610213, 0.3041417509082216, 209.97509006753884, 74.40128820339527, 325.0756915127796, 0.49727827642842976, 0.7844291694560134, 220.9950221105828, 111.88800002714632, 248.00886015492188]"
0.05126911871313524,14.113131130204135,0.6354370365786093,0.894532381124997,False,False,"[0.20025338450212604, 0.2319161576687025, 213.57400520099736, 68.2599487552117, 329.03220713837834, 0.4792117718819837, 0.7120746203849917, 219.52107366936997, 121.82178310835306, 248.44537196151288]"
0.050756427526003886,14.101901390325853,0.7891689464466971,0.0723318878809428,True,False,"[0.28083149717205713, 0.2067586091607717, 212.6996237132304, 79.18848990207229, 321.97590163342227, 0.5297753652290145, 0.7502958906074909, 216.73132778356475, 106.23995015421526, 245.0811619830975]"
0.05024886325074385,14.099552020379164,1.0,0.8345837839558293,True,False,"[0.2603112907009574, 0.2634118024049842, 215.38230037974114, 73.36577752829417, 318.3226229803202, 0.4595220375327159, 0.7352048572383327, 213.5160483721312, 99.00695811621337, 240.18684786600485]"
0.04974637461823641,14.11499072641601,0.7331914933365768,0.6964913178614616,True,False,"[0.19149197283062608, 0.19451844213972913, 220.2377644678458, 81.02953815872726, 318.6938228649845, 0.453912357148594, 0.6610105500246737, 217.3606192470787, 103.63607297609745, 243.35933203741752]"
0.04924891087205405,14.124416721765785,0.8258063293233506,0.5690834359308329,True,False,"[0.24134616613133797, 0.23060188443505392, 221.8740996543115, 74.65184833010262, 316.38713030819076, 0.5210850424461825, 0.5868502763554097, 215.28437423672315, 102.71698670182454, 247.31999875848115]"
0.04875642176333351,14.132057810347355,0.8549437222365176,0.05985104721636636,True,False,"[0.17495891872812347, 0.29828754240769617, 222.00185460906505, 83.90617011634052, 319.59168617732075, 0.4767534205878246, 0.5615293213250662, 218.99258682370387, 100.97144568122887, 246.29095690399583]"
0.04826885754570017,14.146909568726592,0.7351444929470958,0.46376439268541403,True,False,"[0.09224401712974117, 0.2067931309651438, 224.5244014231717, 83.08632490671351, 318.7159968200432, 0.5122793736349884, 0.5848436945885358, 214.76738243696516, 97.77977265882944, 243.5093906757203]"
0.04778616897024317,14.128631669133311,1.0,0.6069467285886402,True,False,"[0.1540171698894606, 0.140569943886663, 228.03696558749004, 92.08082804470278, 314.3560671270057, 0.44844852739229724, 0.4858503710302612, 210.61388499585303, 89.43270562903565, 244.18399734249974]"
0.04730830728054074,14.135791342392034,0.8595547817478585,0.7443435820613579,True,False,"[0.1163643463550034, 0.14786286655734157, 232.59687839613719, 101.24336562262741, 313.78331088762457, 0.38195782537204487, 0.4352234208314441, 214.32903580450153, 90.41247230761711, 247.4412636992738]"
0.04683522420773533,14.118831768940545,1.0,0.6025136337077501,True,False,"[0.14571487055217808, 0.09846105142893159, 234.71538014229426, 102.95998573356125, 313.2641258561473, 0.3374064850173323, 0.37240923247673974, 213.23282326176732, 82.8845992553622, 242.69003233848733]"
0.046366871965657974,14.12883772046925,0.8058968029595777,0.45718105133204234,True,False,"[0.16631706390298442, 0.16808878501841906, 234.53227800498038, 93.58653413287827, 315.26221978373303, 0.42985540360394936, 0.41421496102481736, 209.07991299710466, 73.49060285435502, 242.93194952433063]"
0.045903203246001396,14.110185821008365,1.0,0.8356217052478399,True,False,"[0.2658160033864425, 0.19854427856528473, 235.35032682395573, 89.28953927067319, 317.0062596923542, 0.3800088084720474, 0.4812285972303954, 214.0295742021653, 73.00970655992936, 242.56956022318917]"
0.045444171213541384,14.105417946416656,1.0,0.3315980690763175,True,False,"[0.33862256276235225, 0.1521357312446971, 233.80850141802583, 96.28403167969319, 317.1055304600541, 0.4556682537155953, 0.5641829563537788, 213.20470435060815, 64.1517937928765, 240.04568754934508]"
0.04498972950140597,14.102556364020753,1.0,0.8301176176032882,True,False,"[0.4381445179784933, 0.1615177460953444, 229.2300759240216, 88.2768998956557, 314.70996682599235, 0.39129089351973606, 0.6399962256710903, 211.73565400302067, 58.21009497824308, 240.51347197137682]"
0.04453983220639191,14.102361741104616,1.0,0.824872382978722,True,False,"[0.49423523073426323, 0.1548962301344013, 228.90446353785353, 91.33522183160508, 318.22552749089124, 0.48221262975693285, 0.6103835896246972, 211.6334137965743, 61.57422225361439, 236.293842198492]"
0.044094433884327995,14.103696399856537,0.9701853035760193,0.159403377415946,True,False,"[0.41350288904932936, 0.24369633770801233, 233.3780850364439, 92.29615380402495, 322.17657090889304, 0.45103294074867606, 0.5583520298699944, 212.68421398638955, 71.32504026901128, 233.4081120476985]"
0.04365348954548472,14.103692276513563,1.0,0.6993596363348741,True,False,"[0.4862788156226198, 0.23442359868069934, 235.44311412796475, 96.04213503896649, 326.41621363713216, 0.4303231180149647, 0.4612558512319374, 216.84358206463716, 78.06026652941509, 237.31923301635842]"
0.04321695465002987,14.091093656682515,1.0,0.6242303781475199,True,False,"[0.4022753034326214, 0.24282238490134958, 231.28926609843592, 87.540235996624, 327.52376803725457, 0.41312465253785324, 0.4451085507818124, 217.6501015060141, 71.86456710381816, 241.26941396748097]"
0.04278478510352957,14.102212967261096,0.7711368967815488,0.6126353901263484,True,False,"[0.3120132458250128, 0.2645296315156802, 232.15019814501855, 78.83352437820638, 329.6049650740923, 0.40432477121027083, 0.48833534168977155, 221.11393158265918, 77.4789837558486, 242.4380775307842]"
0.04235693725249428,14.10107711744828,1.0,0.33882286448017096,True,False,"[0.35357009566895353, 0.363198396436071, 235.07003300328046, 83.52288201570056, 329.3523321716298, 0.4893368101542417, 0.555854271307021, 224.6674056835506, 74.09341127319155, 240.382840896297]"
0.04193336787996934,14.084133234385149,1.0,0.14804481327661423,True,False,"[0.4150008871581783, 0.29165355765829426, 234.21392717442887, 83.67710651395882, 330.71527023338706, 0.39289932240802966, 0.47289383785643063, 224.8015842618421, 72.68016402003428, 241.83845802053082]"
0.04151403420116965,14.11194603142512,0.5117283724373428,0.9068319028748504,False,False,"[0.4349245905136144, 0.21172546378883583, 233.77100057245556, 80.09431160748778, 327.1916266190979, 0.3059793577818899, 0.5183235427775802, 228.48013479570662, 77.52943208483771, 238.8591243177044]"
0.04109889385915795,14.10002645040632,0.6792903279484619,0.4250110011711318,True,False,"[0.4884727183045, 0.20125407168469842, 236.8425345146367, 85.81731839249036, 334.0706881038558, 0.46774235437183803, 0.49271830718155146, 225.73953096707476, 79.36860323170689, 242.35864109556832]"
0.04068790492056637,14.097697396831578,1.0,0.9005279876742616,True,False,"[0.5272488382006937, 0.2652390216591234, 237.62865324317846, 95.1398800724567, 336.0492514428566, 0.5071266578136919, 0.5327053777866464, 224.42312233042603, 71.47263136604185, 246.85711133485336]"
0.040281025871360704,14.098999770780928,0.9681849032836509,0.4276940069528221,True,False,"[0.5811596719583026, 0.23924128166262643, 241.33825770866696, 96.13327026154482, 338.2020028088037, 0.5356317896386326, 0.5630731347856135, 229.18491356053306, 64.46122034846353, 244.92777637788427]"
0.039878215612647094,14.109252555648727,0.7732890263485009,0.6233908931464336,True,False,"[0.5810571556787545, 0.2878338154167065, 246.1817491742788, 101.87130925567921, 336.7666813843889, 0.47058465851502845, 0.46947076236170965, 227.0087290057965, 61.01209526314117, 248.32232998296712]"
0.03947943345652062,14.160715952224898,0.2715661504780814,0.16839926695134255,True,False,"[0.6183115866271673, 0.3739519629843822, 243.2860805463292, 94.63414052614017, 335.9195809397204, 0.4274492986852541, 0.4329526622551066, 225.04531935046532, 63.08450970656007, 248.10974418749632]"
0.039084639121955415,14.134837719346212,1.0,0.7573256350454308,True,False,"[0.7043800581855808, 0.45800294909692396, 239.50152621448507, 96.53923994155384, 334.5096163903378, 0.4262562117423223, 0.3923599222807254, 229.67361394928537, 69.17258012811581, 246.24899209928626]"
0.03869379273073586,14.177738945825817,0.32997556949842793,0.7202089273245416,False,False,"[0.6568061888656751, 0.47224863070345513, 235.15130987311406, 88.92085002462721, 331.65960564877514, 0.4878411408003682, 0.4704612028385111, 225.4102563594527, 63.98594476874149, 241.39078581215009]"
0.0383068548034285,14.12306066775378,1.0,0.2915807125708987,True,False,"[0.6986550874326504, 0.5395630469456169, 235.65103515282564, 87.00403182388715, 336.0995329992171, 0.43201299596245724, 0.3795943751439499, 232.58244730698215, 75.23035869166412, 248.8437570205065]"
0.037923786255394214,14.120078852774247,1.0,0.7576350425791132,True,False,"[0.6877291359042176, 0.48503186417101196, 236.19567262677594, 78.76576501626126, 334.5452733048691, 0.39983208479050514, 0.28672363750268715, 234.09298014983347, 75.99841713288616, 252.4278639753082]"
0.03754454839284027,14.117946251765698,1.0,0.6945366913788648,True,False,"[0.6720161463413689, 0.5463189512629131, 235.36704971264314, 87.03553568276133, 334.57589413954366, 0.37188682039502036, 0.2747233071925091, 231.49870949371223, 71.16244338706431, 254.10304957434562]"
0.037169102908911865,14.128222410245861,0.7584560337710177,0.8029101830945572,False,False,"[0.6910861524240066, 0.48316191146636245, 239.29073439522702, 96.3030035799681, 331.730979359438, 0.3330770379241156, 0.3315619916287552, 228.82233157246762, 70.58992982654088, 252.6675639921286]"
0.036797411879822745,14.124075302352784,0.8465703263476715,0.2169052405213553,True,False,"[0.7460568492246621, 0.5620297821166422, 237.19557356166075, 87.38733273962701, 332.328377675044, 0.38401564702022767, 0.2017944209120785, 229.32723308350813, 79.73847638458507, 255.15409257847236]"
0.036429437761024516,14.115725535924998,1.0,0.5471890175072954,True,False,"[0.6476154412935269, 0.5418764650317126, 236.31393865626615, 78.01065491292272, 333.78513504029024, 0.31864244677955367, 0.21887494979998492, 227.50645262315317, 72.67800251352972, 251.4525635055834]"
0.03606514338341427,14.105816094233182,1.0,0.8092640936306441,True,False,"[0.6772123679366211, 0.5583911776972688, 239.8259574682813, 78.87559249609136, 331.6966529652456, 0.4060018055391658, 0.13094158709212728, 232.07426341196663, 73.79145974551999, 252.08465321737805]"
0.03570449194958013,14.122580686420815,0.6252914985319492,0.04996014868661702,True,False,"[0.7579959127318857, 0.5662697205651451, 240.33927717674248, 85.04713836535738, 330.4871420327939, 0.3858290701243988, 0.2032831415719288, 231.5161512207533, 79.5776616247107, 253.05281018769605]"
0.03534744703008433,14.119492703556965,1.0,0.1696143204093279,True,False,"[0.7908117679108364, 0.5693621260490052, 242.51510168576084, 83.7046361652306, 332.62901407473953, 0.3132093365491345, 0.13365450896794398, 231.97119867143076, 70.3351652714566, 248.83217103577906]"
0.03499397255978348,14.112643572284993,1.0,0.36326161610609997,True,False,"[0.7275848403713886, 0.6530110780976975, 245.37540056440085, 82.38708961133685, 332.11299518458844, 0.3165503928422277, 0.18417452756776112, 236.49695153715868, 60.941812492745214, 244.1070814556659]"
0.03464403283418565,14.10614111435912,1.0,0.04974980145725261,True,False,"[0.6983263336021954, 0.5763155145107303, 242.89056958585226, 77.24267658115124, 331.5343969803091, 0.3559903826406448, 0.15788110041090148, 238.4086546300889, 57.399530740098896, 248.92860254426282]"
0.03429759250584379,14.107495950954844,0.9612676643918712,0.399698261107842,True,False,"[0.6790426368774886, 0.5727478232526696, 242.32166867844467, 72.39130407070654, 330.6317750274349, 0.28792389242497424, 0.17327930309327566, 236.81922170832848, 58.684127745549986, 250.69387300900505]"
0.03395461658078536,14.116471230356673,0.7677188930516499,0.32599935972716576,True,False,"[0.6729012640901996, 0.5521270346733562, 244.05215087509782, 69.34144347140666, 327.39183068811957, 0.20686819964291725, 0.25815170984988967, 233.2180528239843, 68.65710387342995, 248.3292125628388]"
0.0336150704149775,14.1193831593577,0.9170202722066447,0.8304969631716288,True,False,"[0.6366439557341987, 0.5434752465161173, 240.8152876803051, 65.34369347295626, 325.0916604223108, 0.1412970655682179, 0.2376013690438693, 236.04276686214453, 72.57140057161658, 244.6786014786768]"
0.03327891971082773,14.119887997655908,0.9849445710462376,0.4480047677875413,True,False,"[0.6721335589677738, 0.46123643720448054, 235.90861181101494, 69.86212214713723, 322.81703614910356, 0.22334165890325006, 0.21958243414341275, 235.6076194917673, 70.46363849248523, 246.37787125375436]"
0.03294613051371945,14.130988437122749,0.7139609885456241,0.47010372451376126,True,False,"[0.7714509564535184, 0.5385692258041411, 237.5607781849822, 67.64312164203842, 320.32196834232036, 0.15807461488486932, 0.31851505246030287, 234.12678813575187, 66.62921173381305, 249.18225490029855]"
0.03261666920858226,14.135662701544181,0.8664862255140751,0.3942690949314711,True,False,"[0.7307071449700021, 0.5027764464626329, 237.15269676340327, 71.80846977145416, 318.01125188505006, 0.12079122446163029, 0.33871746682023296, 236.5079538499853, 67.54443949186869, 253.6379561299684]"
0.032290502516496435,14.13908209427445,0.899519372132279,0.5595743046833223,True,False,"[0.6783493376260358, 0.5844660104462188, 239.80134946431488, 81.49988501548141, 316.6891865622418, 0.10954503539360246, 0.43751226810925303, 231.9500982432242, 60.09237535426755, 257.3747918455675]"
0.03196759749133147,14.127148945065986,1.0,0.6568677268288481,True,False,"[0.7064107363090473, 0.4947473293178412, 240.0625932659189, 76.8260569464301, 318.518383870169, 0.1881151844129973, 0.4581649034080625, 235.62998288852887, 58.14476828959694, 254.2271004068496]"
0.031647921516418154,14.1282028853461,0.9672463704540573,0.7155319365641212,True,False,"[0.6184575297741282, 0.39675510596950636, 237.22143563386408, 83.21832218210734, 321.2275621015169, 0.19900276783011972, 0.5031562305491873, 235.96940158889606, 49.41093564953273, 252.46103805214102]"
0.031331442301253974,14.128521293830026,0.9898888783695061,0.01734995244933024,True,False,"[0.6749431280563353, 0.4593875932929855, 232.73274500673347, 92.11772938037058, 324.33001371854397, 0.27898984975126195, 0.45278893612282545, 236.79186745613768, 48.26179065140543, 256.3353978900199]"
0.031018127878241434,14.12215219307162,1.0,0.3859082280104176,True,False,"[0.6243553202991607, 0.538235464897743, 230.07530269287892, 87.73238470095968, 328.0536452028163, 0.22982655875188712, 0.3569826465847075, 234.34196187886633, 53.084679672194724, 260.04894070711265]"
0.03070794659945902,14.126406030376035,0.8706409462171354,0.340507038086841,True,False,"[0.6038363555147702, 0.5307571734749605, 225.70189867687472, 95.60145042340416, 332.5461968083556, 0.14540021199320796, 0.26660585633296846, 235.28477991240214, 49.069412483876604, 260.70320829923634]"
0.03040086713346443,14.129465181111122,0.9042701831383794,0.5476097957191228,True,False,"[0.6808521962244629, 0.5741752098019287, 225.0486706631784, 99.18999207671857, 330.877478439867, 0.17257295141216267, 0.2924057416247966, 234.44872820364887, 51.348968010355804, 258.2517121636767]"
0.030096858462129783,14.13584872042641,0.8088839224426573,0.8857466447000973,False,False,"[0.7351447395090496, 0.5264883574703055, 227.5503389278469, 101.25778693318571, 332.98158751411216, 0.15700010282716817, 0.22628802130301112, 229.7343745945522, 54.96925379877392, 256.4376308305146]"
0.029795889877508485,14.133039433124411,0.8869577877202288,0.5685712948090679,True,False,"[0.7009114233554268, 0.6160761429389694, 225.87777894375193, 91.66826839979683, 334.0219371298323, 0.12556240325945578, 0.26461372262813454, 232.17251205304584, 45.367561437123896, 259.68975943221074]"
0.0294979309787334,14.130473840108124,1.0,0.3174192995056493,True,False,"[0.7322222878902552, 0.6510279594286602, 221.52228976853138, 94.48578777887116, 336.5171258714427, 0.19801323156416667, 0.23929766281905915, 235.70510969837034, 50.87146473980208, 257.0708214618252]"
0.029202951668946063,14.129760724891856,1.0,0.5146585523271742,True,False,"[0.7526797745748455, 0.6834383739509444, 222.77643410954082, 86.04241982488041, 339.04564803396033, 0.2402819495088139, 0.27064666587217767, 237.49294843403126, 45.37349513222154, 261.2477017308954]"
0.028910922152256602,14.123844990742612,1.0,0.127607683362017,True,False,"[0.6702522431779926, 0.6377994409853568, 218.47543817575996, 76.7995678316488, 338.9394965074981, 0.14495142154663526, 0.33491002363022293, 241.38683902792593, 40.47878064065593, 258.4107506576056]"
0.028621812930734035,14.125483240335672,0.9443694719690027,0.07277423393780302,True,False,"[0.6235273938373378, 0.5665631031294308, 216.80832245780655, 69.82007415438899, 341.89255443638694, 0.11996785330411429, 0.2507300597700603, 239.8339118539953, 48.4579630896379, 254.42088849220028]"
0.028335594801426695,14.141248423584537,0.5732841281672385,0.2016147655528624,True,False,"[0.7063614492379888, 0.5669626794018003, 212.3573695686295, 64.76412991290978, 342.2687464572781, 0.0926944582050405, 0.25004654426800565, 240.9983262931391, 40.062594133450126, 258.03819009504656]"
0.028052238853412428,14.124244797155741,1.0,0.5867817059283614,True,False,"[0.607976616119901, 0.6199100987766574, 216.77588036323016, 71.78964296731252, 346.4720456032144, 0.09546069743533932, 0.21393191263937444, 240.71400519157223, 32.177476554193994, 255.4778570476115]"
0.027771716464878304,14.115376263960457,1.0,0.7723285679577327,True,False,"[0.5714080484846426, 0.5715220332863546, 218.05589969787073, 77.41258365076582, 348.054545541918, 0.17901161130137527, 0.30250467680811377, 244.7173996368179, 40.1410333547574, 260.00238807137686]"
0.02749399930022952,14.132133063877138,0.5436382854001398,0.048802589050016,True,False,"[0.6475676660738797, 0.5336716933189892, 218.01705400439312, 67.81804736819558, 351.8986003952599, 0.10397262357476716, 0.26473780500263205, 242.25736107915594, 46.746363161988334, 262.52846863059284]"
0.027219059307227223,14.120936566422433,1.0,0.7383156417887089,True,False,"[0.5873759603168871, 0.5260010809130545, 214.9034991273084, 64.2890119773331, 350.4112395885371, 0.1471912217120399, 0.2652723834031562, 245.4972654237092, 53.28993964410134, 259.47691385915715]"
0.02694686871415495,14.119051795667495,1.0,0.18167525854649125,True,False,"[0.49543650635541264, 0.5125393769568494, 211.5645376827448, 65.69716711354042, 353.68290312923733, 0.20132949158710997, 0.30882952961023635, 245.51328599404317, 54.241830946478665, 260.5708011286298]"
0.0266774000270134,14.11702371777734,1.0,0.10931555640808,True,False,"[0.5450737474124446, 0.5356980983126489, 210.408632318043, 62.29097928920941, 349.3212012403536, 0.19797499966849263, 0.3159173780644067, 248.849961714499, 46.328603064046106, 261.5088902716601]"
0.026410626026743263,14.132086120168267,0.5653467652205054,0.8354247866020708,False,False,"[0.5007754294592442, 0.47657166146043, 205.8395491913555, 55.821387268256274, 345.6311983687241, 0.14683060699325906, 0.38293766122933126, 249.45424641187242, 47.35636489719337, 263.5277851939882]"
0.02614651976647583,14.122213729139014,0.8199620541406544,0.6124487532601559,True,False,"[0.48433776173867527, 0.461524964799524, 215.01250095740275, 56.69421562566098, 349.2123048702327, 0.19604252311852435, 0.32165559291628143, 247.55969258215563, 48.56397250831447, 259.8630880420903]"
0.025885054568811072,14.119162098234373,1.0,0.6338694379089562,True,False,"[0.4113103040701075, 0.4076368615197668, 211.7039612343567, 55.25212433712836, 348.93429879638825, 0.189521222287808, 0.22324948775360795, 245.22050415209216, 53.83728657530922, 256.22885502950595]"
0.02562620402312296,14.105821264207162,1.0,0.39963438006969476,True,False,"[0.37304927990164755, 0.4741931950055811, 210.83235886925803, 49.42671516699701, 352.5763959762287, 0.21722664384794993, 0.21316422168099045, 249.64284259233798, 44.90766601651066, 255.6383275446147]"
0.025369941982891733,14.097578362358364,1.0,0.0500202006017324,True,False,"[0.35284609034525904, 0.5534798522556846, 214.51091330801907, 57.68783600246312, 348.44077272831197, 0.30439713555763415, 0.12762763645023242, 247.72709142513074, 53.69559551491395, 257.4171000476257]"
0.025116242563062816,14.097232583154552,1.0,0.289589053904338,True,False,"[0.3466773590603492, 0.5142823860087561, 213.34134067693464, 55.374106283936285, 344.38164441628555, 0.3699951507310606, 0.22107610828741264, 247.0914376980334, 44.28060453445273, 260.0041085144268]"
0.02486508013743219,14.105315434242161,0.7224779556295752,0.7177964772096149,True,False,"[0.27989736282358774, 0.5082213064773485, 209.58415245424186, 61.118623563573664, 348.7661011131239, 0.35372371208121045, 0.2246238000405496, 248.868917252556, 50.038538986634826, 256.29288982534285]"
0.024616429336057868,14.10147930691441,1.0,0.8693285698556739,True,False,"[0.3717632689854905, 0.5341385073632368, 206.7223803499613, 69.75638601370224, 352.75277541938357, 0.3986669194982856, 0.13489609410371678, 244.14769598016565, 45.63642619304514, 257.4314901331718]"
0.02437026504269729,14.10266553229976,0.9524905319866542,0.5991054020879123,True,False,"[0.3770429985011856, 0.5907520631032236, 203.42488665635068, 62.15936768433984, 351.28589276546165, 0.36753538514433004, 0.15852957245167643, 240.85645095530327, 43.09106552634665, 260.0313636406646]"
0.024126562392270314,14.09094367426455,1.0,0.10764690416985145,True,False,"[0.4657015982270918, 0.6477474638329379, 205.67468836989266, 70.93632188150977, 355.5068661345768, 0.35734361034653783, 0.10975950892079045, 241.88935786378525, 37.512861313440794, 263.5338831100953]"
0.02388529676834761,14.09629329885571,0.7993379537944585,0.03286567065417534,True,False,"[0.43166892746499397, 0.6314913478067493, 209.65958486997334, 66.20764310987322, 357.8961899930663, 0.28835431357883984, 0.13925544267255446, 243.92813820080588, 46.56076793874628, 260.88836314210755]"
0.023646443800664135,14.09755652457412,0.9479804659537864,0.2867716204166737,True,False,"[0.4928743501445578, 0.6473114354420575, 209.19525415184282, 61.35935442373815, 361.270907197877, 0.3138319146910949, 0.23621416223862937, 241.07239802693064, 46.2703213162136, 260.20058713087064]"
0.023409979362657495,14.104563996440282,0.7413095816848045,0.017618808740884173,True,False,"[0.4702211621482125, 0.6106086126521372, 205.0890583693165, 67.86888058117462, 358.09348401358164, 0.28068204528194246, 0.30880573410994894, 239.0206388119326, 36.827039915281134, 255.27500400497314]"
0.02317587956903092,14.095919278766111,1.0,0.27558759975350966,True,False,"[0.48641290687742167, 0.6670932731900114, 204.32179258073035, 64.67597988271335, 355.6441358977856, 0.33617535498744533, 0.2572914200236856, 238.1996466106327, 31.629404922151956, 254.02921923304123]"
0.02294412077334061,14.098254456978548,0.903231168887693,0.9604355767282133,False,False,"[0.5385663193872312, 0.6964892487487634, 202.40265117877524, 70.0552615603629, 359.01805377126436, 0.2998351321515371, 0.2301665063458022, 233.2125037561568, 27.186589444030687, 254.12068494396235]"
0.0227146795656072,14.097252702445239,0.9429866350434232,0.6013066906887257,True,False,"[0.46187664629766595, 0.6731379660038173, 202.67917601995148, 61.15737638941721, 352.01915407686585, 0.274883247982681, 0.3393907836444201, 238.43636057897103, 22.701366581951152, 253.08256476862516]"
0.022487532769951128,14.089129102599156,1.0,0.10767863629671848,True,False,"[0.4418675025430965, 0.7416607532522052, 199.09969619632776, 57.9231516199316, 351.0925557263632, 0.22798297380684063, 0.24119568621419146, 237.71460323047887, 24.800406138187736, 250.3579895216646]"
0.022262657442251615,14.075722416659701,1.0,0.0891271519500948,True,False,"[0.48939368798707067, 0.7853344632878243, 199.61920957550575, 50.04683585482046, 351.20647020749226, 0.2855269930949267, 0.27018229127931265, 235.11772291652895, 23.378393946727023, 254.28608207768482]"
0.0220400308678291,14.092811335863827,0.46053877512103525,0.34359272050196954,True,False,"[0.4496110720800325, 0.7115372935243204, 197.07054204554262, 56.19945775813836, 355.8328765887754, 0.3370208552130705, 0.27969471069396656, 233.76805228166353, 32.64659304500091, 255.47427302232893]"
0.02181963055915081,14.088981701873713,1.0,0.4107781080463483,True,False,"[0.502558153116118, 0.7110871012615823, 199.4706565121607, 46.82586748146793, 357.1219662994361, 0.41385070206708274, 0.23884262142434953, 235.0491859030216, 28.556365247885175, 251.0733667494213]"
0.0216014342535593,14.080622923655419,1.0,0.44828526784537304,True,False,"[0.4305900916919676, 0.7602662920330097, 201.2455253418088, 54.05824468683799, 359.23798597549217, 0.47287962542858475, 0.17919949014527026, 235.8476820464398, 26.247203436436806, 246.156587483271]"
0.021385419911023707,14.084188473869528,0.8464297328177738,0.008854312993577307,True,False,"[0.412796580103404, 0.7649270906421259, 199.16579144418193, 60.572015757949785, 358.0752971388182, 0.45938511060944803, 0.2571541581119384, 234.34460775962432, 29.856956743334024, 244.32294142179023]"
0.02117156571191347,14.092414681800932,0.6780394447989365,0.8842649344271613,False,False,"[0.34882385652272974, 0.7834593871717148, 201.03011458700274, 64.25914009742924, 354.4603329225104, 0.5056467297388558, 0.2906419904093123, 237.08653816981644, 24.766153805911678, 242.0851913142834]"
0.020959850054794334,14.086948329188168,0.876627229763011,0.593643057503117,True,False,"[0.3561367906960505, 0.8055423697957766, 200.9110278615235, 57.70072600131798, 358.4592508625718, 0.5270812815321952, 0.34949384266338934, 233.16675959149035, 21.468727807938663, 241.9385877890033]"
0.02075025155424639,14.076474352939124,1.0,0.08222763769999308,True,False,"[0.34111960530758717, 0.8889903190864303, 199.20838475690616, 61.41272599364788, 356.902744061152, 0.43098750297835875, 0.30758819813225613, 229.29267700267948, 17.58917888956524, 241.00025258562226]"
0.020542749038703925,14.123059758156131,0.10354698053888092,0.7141459928759024,False,False,"[0.252417708719253, 0.818103150121162, 203.61921923271763, 63.49951764355585, 361.61540777952234, 0.45925096656342335, 0.2410435537496479, 234.1248975911201, 10.549079974307064, 243.64768649811109]"
0.020337321548316883,14.105251683269671,0.24292537049509885,0.3635390912712191,False,False,"[0.30518856417727397, 0.8032270427034567, 200.17353096441153, 53.46967377345398, 353.9163405172904, 0.3385251095951162, 0.21003899560837674, 226.44606533233772, 18.1558362749576, 238.0057645209009]"
0.020133948332833714,14.112350951005869,0.16831874513057635,0.17783035561857474,False,False,"[0.29172689656903134, 0.8907629284515874, 201.35260928955765, 55.363592851603805, 354.59441522412857, 0.3452300571065767, 0.31366310943364384, 232.24574033370422, 26.683690493801947, 242.76317261782287]"
0.019932608849505377,14.082865628418176,0.7256814002994171,0.7651414641564999,False,False,"[0.3554825032354706, 0.8344770373281298, 200.4854042310607, 59.072261553120455, 360.00043063873653, 0.363475387448452, 0.20836494050377669, 228.45719257164293, 23.090913949551933, 240.42201706088045]"
0.019733282761010322,14.075283533877911,1.0,0.7133643242790836,True,False,"[0.39769211613510824, 0.818252130389003, 198.0644067249929, 59.4003676057163, 360.3186385396544, 0.42443369664936537, 0.2957760759000335, 228.1723290523776, 21.641440761402844, 241.00628285928047]"
0.01953594993340022,14.069492635254685,1.0,0.602123199589764,True,False,"[0.36031513869384907, 0.8820073706434819, 197.3941355091788, 52.46177218773865, 359.2440779528185, 0.39580735581990023, 0.24567941963778367, 226.22144556014206, 13.152196223957374, 236.44587937891671]"
0.019340590434066215,14.106551629366235,0.14717612615603246,0.1980289529286441,False,False,"[0.2980356406846632, 0.8951734021959732, 199.93808239393007, 50.79443270595993, 362.14882902586163, 0.40347256469564385, 0.16111758387430553, 226.4775043172404, 4.8302353129588, 236.84143901957594]"
0.019147184529725553,14.084621335396253,0.4537873343584321,0.6756795082855915,False,False,"[0.36540244007397393, 0.8124824935876898, 201.9845891665127, 60.326964680370274, 358.6520351403291, 0.3095395472647036, 0.32923748602551006, 228.17967154912262, 16.923511027638277, 238.68089393803385]"
0.0189557126844283,14.061930597895705,1.0,0.9865821948976223,True,False,"[0.3750935127572333, 0.8725659641490171, 196.95449760680555, 49.22740357254879, 355.6627934248464, 0.3793362345363118, 0.14893781765918307, 229.21863744909038, 19.09179555115301, 240.86620799474514]"
0.018766155557584017,14.074403663176199,0.5144497173098107,0.1269168448645348,True,False,"[0.3577903860462358, 0.8547617566789367, 200.59716710879601, 41.10285483718844, 360.3207010321514, 0.4586177095223083, 0.15038092835827735, 227.48359005836642, 27.66044167985095, 240.01553152425382]"
0.018578494002008176,14.070241906964265,1.0,0.18482633619230393,True,False,"[0.411745459500395, 0.7881065411463742, 199.87924817682418, 32.75569119663365, 356.48192628327047, 0.526742162922218, 0.10655726338454292, 230.43768089261846, 31.10148369241511, 238.02041807465358]"
0.018392709061988095,14.091778909507333,0.31007122341905013,0.9624686232223968,False,False,"[0.33007699728572915, 0.7801001666325437, 204.74570448592533, 40.43012855243496, 356.2973865836001, 0.5125875386199006, 0.1273872364194312, 232.5431810188124, 39.51073757434301, 233.25607545002458]"
0.018208781971368215,14.084882271334049,0.447522859207738,0.028922628001855966,True,False,"[0.4691680418259097, 0.7170955185423574, 198.69199941158755, 31.890312980435233, 360.1500924051931, 0.5036446603516853, 0.15504053371821475, 232.5956929428054, 27.02280946726455, 236.26495210938316]"
0.018026694151654532,14.08176972399404,1.0,0.19764136564964674,True,False,"[0.5413009119555029, 0.7484749858479475, 202.46033797888168, 22.592100595436992, 365.04904678359725, 0.4270417614000646, 0.19973115289588042, 231.09047210781227, 25.133184620481618, 238.85993142797005]"
0.017846427210137985,14.055650412388012,1.0,0.11454179000243425,True,False,"[0.4940669547421535, 0.835499522468677, 202.74078052801178, 13.452462056520941, 364.2022077426037, 0.4774519397317194, 0.23628602522564388, 234.28857147100538, 29.229690491174843, 239.18845878002804]"
0.017667962938036606,14.04070065532828,1.0,0.2542130061812997,True,False,"[0.4275588051549786, 0.8860792598578304, 202.70519768022723, 17.518533067404512, 367.45133382631803, 0.5176171056415867, 0.1633160399486001, 232.2887303471232, 26.897013630992564, 240.6671588680372]"
0.01749128330865624,14.03169344606265,1.0,0.4651786080133976,True,False,"[0.4284512295973788, 0.9080344004536149, 198.57117640779296, 17.007031183836936, 364.95207888184655, 0.42391257726017484, 0.2234457231172421, 233.59517816455048, 20.12225670552757, 237.35175768321028]"
0.01731637047556968,14.021828661306557,1.0,0.46115658323310527,True,False,"[0.471293656280331, 0.9117662773130155, 196.73220996341863, 23.55233687070827, 360.57418792082484, 0.4798847900820066, 0.3233587552389331, 236.65580907122745, 14.472861527978187, 240.14687306436093]"
0.017143206770813983,14.058747891888139,0.11606813823115769,0.8788996745054922,False,False,"[0.38884243880869424, 0.8751876864551237, 194.1136987997803, 27.872059156458477, 361.96828193389183, 0.44078286050334986, 0.33786431782652976, 232.27952512272063, 20.4763042090648, 235.94346594213482]"
0.016971774703105843,14.050224802464705,0.18765705135340008,0.9259083594808206,False,False,"[0.5170367150749353, 0.8553816426330265, 195.18967002546265, 17.273923288126763, 360.089849747185, 0.388577790618013, 0.35988325131281357, 231.6658221318898, 15.110725158824023, 243.50857626398704]"
0.016802056956074785,14.037823479659608,0.38598531064620445,0.7730531809431452,False,False,"[0.49733411629781976, 0.8781277201459611, 197.4079660947585, 32.95668824314493, 359.23578683714015, 0.5600735529028784, 0.3106035281427393, 238.18597547177558, 10.232495264432632, 238.83896152706956]"
0.016634036386514037,14.047913789112595,0.2084246126055997,0.25422566726887974,False,False,"[0.38007863602507386, 0.9109469860919702, 194.2489605628849, 32.13981664421377, 364.7236891418605, 0.5742054348320739, 0.3167315540288254, 233.3227842777283, 22.758052566722455, 239.61300473589705]"
0.016467696022648897,14.039182252599081,0.3486119226285926,0.6060771266078169,False,False,"[0.46378398818681965, 0.8793782886886021, 192.50258659747175, 25.45754529601216, 358.71302159386704, 0.5751412621383091, 0.31840470304158264, 240.5739363965766, 24.09489722211398, 242.4929582893408]"
0.01630301906242241,14.032579852884552,0.5171304262517258,0.4406531409184561,True,False,"[0.4902726204284815, 0.8899089684372388, 197.9579833869355, 25.957823009985198, 363.8569208610887, 0.4783567324798397, 0.22887757144008092, 238.0114754466569, 20.621835595962423, 243.4824705573282]"
0.016139988871798187,14.056126013679117,0.23249863066912482,0.07005205808546267,True,False,"[0.5093547281139351, 0.8318859768595384, 202.58253754479406, 30.660240968422087, 362.61005169845464, 0.4142249303822031, 0.17477472021979207, 233.2615523471492, 10.65378597162201, 241.6405788517843]"
0.015978588983080206,14.028614508292886,1.0,0.7901257303149456,True,False,"[0.4415222830561114, 0.898279980372315, 203.57272719858977, 29.503115975721528, 359.7209897686559, 0.3928262806216808, 0.14489640307846102, 235.28803034808487, 1.7112056817373649, 239.75606561581125]"
0.015818803093249404,14.008725298810269,1.0,0.46687401179478416,True,False,"[0.4930369867391057, 0.9157139286294287, 204.46695988115596, 20.957263178026835, 358.62969675804396, 0.3794553938153009, 0.09729429145420065, 231.87297959460673, 9.529452786695753, 235.60781513537333]"
0.01566061506231691,14.021231209747558,0.44997732092994275,0.7692678665972632,False,False,"[0.4850831946111966, 0.9035121637517088, 207.3776454516304, 11.6092788502851, 356.77051939264607, 0.2938066765640632, 0.1212347966338391, 230.76205277847163, 0.41269971557421314, 235.27255010094692]"
0.015504008911693743,14.043076318000049,0.10908567032066485,0.8820535178782276,False,False,"[0.5206308911314552, 0.8660285162170999, 204.1181091404468, 21.112744670181808, 357.38049105294255, 0.46439940264242646, 0.16149903445277783, 227.83456720099335, 14.617250476229998, 233.5258315214521]"
0.015348968822576805,13.815426229230074,1.0,0.07950518969607556,True,False,"[0.513002300845344, 0.9068795461080128, 201.56616587407936, 18.46274474459055, 359.0994125861594, 0.3533322259581291, 0.18538136385754725, 233.6426126649663, 14.580440522422622, 231.97458783941084]"
0.015195479134351037,14.050361030190274,1.9294988403449467e-07,0.6133237577566539,False,False,"[0.5580699700069969, 0.8382351471874112, 204.96460469950352, 16.033396187552157, 354.89839569056534, 0.3239918770877309, 0.10198309636693907, 229.37723576047563, 18.72778394327521, 229.6118744883635]"
0.015043524343007526,13.843765976051774,0.15200372803829318,0.7068741139569126,False,False,"[0.6075442436734357, 0.8973665244663027, 204.239406462343, 23.912080643201733, 362.90176809738875, 0.2826056674981408, 0.14595091264108728, 238.49374493495796, 15.755485407363114, 233.61878191478618]"
0.01489308909957745,13.85388478646059,0.07559924769170773,0.020372395003920518,True,False,"[0.6060601991022918, 0.8631936911716326, 201.55095552369195, 16.978596526636665, 354.42856758835, 0.26951957761271, 0.1640532032915007, 235.57853915202722, 24.193566603115826, 234.54912337374762]"
0.014744158208581677,13.89236083073152,0.07356551512352609,0.03168716376472669,True,False,"[0.6962241515422377, 0.8044036696362037, 205.7176317463548, 13.255271076519083, 352.3400718158992, 0.2682091807277505, 0.17924171750879564, 232.86378274725956, 25.218558531361275, 231.0075261691589]"
0.01459671662649586,13.91127604263296,0.27366408776312773,0.620054262240189,False,False,"[0.7520594461395205, 0.8141834905103713, 202.95722324052997, 9.20370558327552, 353.979417738997, 0.28524116792794474, 0.12418403020565819, 235.6072715426707, 33.84427443104168, 226.36612772273125]"
0.0144507494602309,14.137971241538072,4.154956714742959e-08,0.1453340581271495,False,False,"[0.7896440390801228, 0.7934484324767842, 205.76985073628316, 16.012855592120786, 356.05223319232806, 0.34322546763108064, 0.27662063965655503, 231.32414835543568, 17.077533490362015, 233.1217390319418]"
0.014306241965628592,14.105276296887217,3.439749080662117e-07,0.8483028002529305,False,False,"[0.6767626994402046, 0.7481267480169531, 206.7114446202025, 10.786837866026215, 355.4780998196177, 0.27263518079999305, 0.20355794904307184, 228.32484029885617, 17.91639710199035, 228.58555552606484]"
0.014163179545972305,14.080548970101809,1.6961674609023451e-06,0.34040674753033506,False,False,"[0.6504387271663441, 0.8783855869643002, 209.7607155172606, 9.60936995682393, 355.85744472071156, 0.2210190009469558, 0.24469503717317947, 229.47058363160076, 23.606036141171458, 231.07573792891716]"
0.014021547750512581,14.15024709017316,1.0289526528901528e-08,0.43137210144987126,False,False,"[0.7773997408735692, 0.8629470743613848, 205.45255938032784, 20.591012649548045, 351.84556098379306, 0.17774152304137258, 0.12728299831059026, 229.33952382110618, 33.25516259169525, 233.28146568527995]"
0.013881332273007455,13.907918475877329,0.3260318413194842,0.7148819378079198,False,False,"[0.7589795477094675, 0.7208902072284975, 200.90225977246027, 10.393272284220274, 351.44035922623476, 0.31725273565284484, 0.24231984994934988, 231.64566031195181, 26.411423006800806, 229.0884813296904]"
0.01374251895027738,13.906024464457223,0.36999722638276533,0.5658901183013466,False,False,"[0.738256091627155, 0.7699883432967383, 202.36876373422876, 9.807959423980387, 356.2993842043181, 0.321519842807113, 0.19101888500479108, 231.4664558508212, 18.17925879820175, 231.13114093337236]"
0.013605093760774605,14.12466503158074,3.841583764347303e-08,0.8461703766654594,False,False,"[0.7690853380651594, 0.846426978208173, 206.43868647405804, 5.360586336328518, 348.9259494592277, 0.33571480264742415, 0.08758512944987176, 229.1580550352352, 33.96649101401415, 232.7352357674498]"
0.01346904282316686,14.138821849361156,1.1301480538787181e-08,0.5792378109227362,False,False,"[0.7868270009260522, 0.767910695314483, 207.97411163199575, 20.77076637624284, 349.498056265569, 0.1877496653838615, 0.23919547946295128, 228.59468150270007, 21.962331658253333, 235.42697721600956]"
0.013334352394935191,13.92558618116091,0.08276824201645547,0.2672053212405445,False,False,"[0.7586768877719593, 0.8460083563341557, 204.39273430137635, 20.514620847660403, 352.2495270374988, 0.2160428787737012, 0.27141688754120397, 236.56856075226366, 29.410601934747696, 235.74641737658706]"
0.01320100887098584,13.911851537889866,0.22844589520561762,0.12898039523883376,True,False,"[0.7371187147093218, 0.8601640156386181, 209.1173282188855, 20.77853668374886, 352.6642431608747, 0.25559750118743096, 0.20267842362895538, 234.26310790134858, 33.9115029523178, 226.89133772061035]"
0.01306899878227598,13.97903465113145,0.005853899285570411,0.3684842157909656,False,False,"[0.7683606072136139, 0.9256531337011824, 211.488169113737, 16.694138433145444, 355.2335294821382, 0.2814059377152492, 0.26107397026027135, 235.96800338601815, 42.4865190125321, 229.5063890568847]"
0.012938308794453221,13.894936137952229,1.0,0.6761563835099672,True,False,"[0.7095551282426238, 0.8028953361315474, 208.07533245088499, 17.560029999776095, 355.84165549970476, 0.33199813769566916, 0.3010662937530305, 235.81806796036417, 41.549247801047926, 227.4559259822475]"
0.012808925706508689,13.918710524041758,0.15628412248984852,0.5421768898342547,False,False,"[0.7566090655505039, 0.867523569449409, 209.9999257510161, 8.307422833036377, 351.8259360317635, 0.3340639439172347, 0.2193441669448509, 232.55108803766228, 50.49135418087706, 226.49281321409453]"
0.012680836449443601,13.9490829320724,0.013982199408742542,0.5596632147656619,False,False,"[0.7731236964479026, 0.8027332867028661, 209.672473685193, 21.250978226560132, 355.5012638683843, 0.23648412202123092, 0.21259937584670094, 240.79616342167364, 46.64868090350622, 225.51954010001072]"
0.012554028084949166,13.876095186449358,1.0,0.5645387145715517,True,False,"[0.6686816432768643, 0.8781927258667691, 207.60968371029455, 22.008629136440227, 359.3017982689731, 0.3486338830834558, 0.37138818445740884, 234.72574404617265, 35.683860594916474, 223.27756795287615]"
0.012428487804099674,13.857105394213963,1.0,0.6183495002327,True,False,"[0.5822362365307958, 0.8150710928873186, 210.13009453502636, 30.253476322374116, 363.18754126614726, 0.41361678432615606, 0.39495985462277433, 237.38093370588055, 30.047373457715608, 218.3178782381153]"
0.012304202926058678,13.866346543054188,0.4718678662711832,0.7352737952981485,False,False,"[0.6548779034941437, 0.8575584805681759, 206.33607197177722, 26.984964714411547, 365.98731101913535, 0.37089327032912744, 0.32848686809140976, 232.77637643470607, 36.4115846272053, 214.39495616767366]"
0.01218116089679809,13.854189983395878,1.0,0.2799412446856989,True,False,"[0.6378554549665651, 0.9020873492295577, 211.34064390765536, 31.836857328430916, 362.9648472301643, 0.4576696263033113, 0.4690524044902971, 236.02857150305147, 28.27477102196093, 221.9882675706026]"
0.01205934928783011,13.905364850535769,0.01435604096675673,0.29681019762826133,False,False,"[0.7161769255008008, 0.8786744969572826, 210.3798647502928, 24.907580999692513, 361.35292059384517, 0.5163586092467605, 0.562591432096151, 232.84875064889553, 35.62415073041126, 220.2399486334934]"
0.011938755794951808,13.844799215108521,1.0,0.024383836943365433,True,False,"[0.5597127976607896, 0.8566020950171583, 206.53382465898238, 34.596616366039605, 360.01122171127895, 0.464543725358772, 0.42762598099656035, 235.95113160095173, 19.57968330686346, 226.61389089286152]"
0.01181936823700229,13.853722134357433,0.4700386017788776,0.20322960737352702,True,False,"[0.4995187977982113, 0.8196742451678971, 208.1111438175335, 41.511084734995634, 363.5739966882293, 0.49233617198073965, 0.45634269028245256, 236.2218588198859, 13.514270882213316, 226.54115374223736]"
0.011701174554632267,13.840896872434909,1.0,0.692197354383854,True,False,"[0.5324407300054873, 0.9164896443946834, 211.02983465964934, 32.581272182119925, 365.58749091451705, 0.446386996845172, 0.36824134159721456, 233.57087070558177, 7.145087214669523, 222.55518753766574]"
0.011584162809085944,13.847117309810319,0.5845121427849409,0.5259580022191925,True,False,"[0.5160196631885947, 0.8286628393394794, 211.7195146020086, 27.571137363246933, 366.6432247457191, 0.37208001772788074, 0.3046402763283886, 237.19932878406993, 12.162244364184605, 224.3446795096874]"
0.011468321180995085,13.844074335781261,1.0,0.21669862213333302,True,False,"[0.5142836319930983, 0.8391552439626384, 210.74649334793827, 37.25883927116949, 363.06965313899207, 0.3093118766646973, 0.32496919422457665, 236.0469588295298, 12.710124496391025, 227.0219199020143]"
0.011353637969185135,13.841412277877177,1.0,0.6368720215941657,True,False,"[0.5654304451533656, 0.8642550661104569, 209.36700910843192, 40.27935794649955, 367.03070278018805, 0.35775797987893104, 0.25969850942564987, 237.0915028455675, 10.893771515227915, 223.79801302886798]"
0.011240101589493283,13.842161480925448,0.9355183923318432,0.24797172924695376,True,False,"[0.5322098760515447, 0.8471789017206923, 212.94322203410167, 44.035257841074895, 363.26850248450717, 0.33241431666680277, 0.251275487322389, 238.77148073825455, 7.156291561605297, 223.52108902410976]"
0.01112770057359835,13.832891603585724,1.0,0.5356809825519149,True,False,"[0.4466707536383664, 0.8742769287997283, 208.71263681232938, 36.911769570173426, 363.5306741817418, 0.39145303304003265, 0.3034645708227816, 242.6513031711858, 4.672716374826358, 221.60041426528312]"
0.011016423567862367,13.864915801020718,0.05464210995882381,0.7055783782735485,False,False,"[0.42900569428614166, 0.7917759536482436, 204.4805114245835, 37.779126291416596, 359.0171612868856, 0.3739746329203664, 0.21968165752733432, 245.12182993793826, 3.998855950627174, 222.02364973370902]"
0.010906259332183744,13.865929146230698,0.048352967714413615,0.9824232448765551,False,False,"[0.3479922690030111, 0.8782992408458951, 206.0159737142382, 38.461996737609425, 361.02018834617706, 0.3901440063219873, 0.3378928648503239, 245.5358762386274, 13.58311648950085, 225.96306469460475]"
0.010797196738861906,13.873920668768204,0.022371357022148774,0.8365500174603223,False,False,"[0.36158927456500267, 0.8480333225589077, 206.52119616344996, 32.02125313136579, 366.0819646798445, 0.33140156165196866, 0.2753530457444049, 240.73649130946788, 7.516225504632246, 220.53109080371422]"
0.010689224771473287,13.832441998187484,1.0,0.7993070100539638,True,False,"[0.49944044852121044, 0.8748228386994914, 204.5945749437775, 28.876065472044317, 364.4114258583203, 0.3841823247138301, 0.24888113570928092, 244.26022038302142, 10.540728391499313, 224.22454747458903]"
0.010582332523758554,13.865987378182844,0.04200603549137767,0.040392728005071765,True,False,"[0.4303512206790591, 0.8924927679279574, 205.7957907679835, 20.384916178140962, 365.69779633427817, 0.43067588946827995, 0.29842745964439865, 240.56469767243595, 4.010066367036596, 221.8192720248686]"
0.010476509198520969,13.819017748033705,1.0,0.023706248694895238,True,False,"[0.5034682418585514, 0.9030040560943924, 204.9859690828882, 22.986283694798303, 368.49765557077956, 0.3651616873691829, 0.21944108280543273, 243.62174895836873, 8.145943676715152, 225.38916600688498]"
0.01037174410653576,13.811242918863147,1.0,0.751084034160557,True,False,"[0.5491697691247657, 0.9249826203927297, 200.03473280958582, 23.488358848175423, 367.56059020654897, 0.28554226644732805, 0.13240282924604369, 245.83312169566418, 9.779603500543704, 221.76100481281446]"
0.010268026665470402,13.871642510481415,0.0027883705308898803,0.02178961957711989,False,False,"[0.4667454375278329, 0.8458198950554089, 203.56681453512377, 33.183004282530845, 368.07111840146405, 0.36333796839393795, 0.10630921818084506, 242.58521499022385, 10.6997906022814, 221.57706209742705]"
0.010165346398815698,13.846281963736102,0.03184384853269129,0.1146837752485026,False,False,"[0.6219845930910373, 0.9098622848062002, 200.31347634700958, 21.23133560297036, 365.67090079298373, 0.29168333626689325, 0.16328457149239853, 250.33489810527504, 9.31262072577791, 221.6158555579064]"
0.01006369293482754,13.817067410184999,0.5605914892237712,0.5222570411290288,True,False,"[0.48583781674080406, 0.9035467636264496, 203.92911051216734, 28.800925546285335, 368.7018727417952, 0.2307610241393861, 0.13211058888647043, 246.56430779767874, 18.016367901513927, 222.88218319081457]"
0.009963056005479266,13.825600039544316,0.42467677913906987,0.10317004434399835,True,False,"[0.5597241850757311, 0.9018468661891026, 206.09055742416456, 33.114072549628524, 367.26661150551547, 0.16710330871320864, 0.136147580972731, 249.10450516940193, 17.038801979222974, 220.35127415543963]"
0.009863425445424474,13.850817431531333,0.07756363190664413,0.37787851827284125,False,False,"[0.5771306271250285, 0.8523780087462083, 210.50249734640022, 25.037414272249116, 363.1516574417524, 0.17861961254699826, 0.16421625019983435, 250.36244585936598, 7.4389919759408105, 221.50883247699227]"
0.00976479119097023,13.850514597610628,0.07796707977135324,0.20120915473426848,False,False,"[0.49123685177701915, 0.8238993111533, 210.85991712012645, 41.68490757983433, 367.4401195887166, 0.18809013769932834, 0.15348462852883504, 253.85500282342173, 23.02693208953456, 219.62278111494803]"
0.009667143279060528,13.836403978051324,0.32706586432490303,0.9308300401625363,False,False,"[0.4788999791803139, 0.8629604154575012, 205.00670856708953, 42.784322855132565, 367.36730020903667, 0.21139445361686096, 0.13772718761508698, 253.34660613499307, 20.42473634363857, 218.74058166382406]"
0.009570471846269923,13.882448079807691,0.002632184352823117,0.5569798396449674,False,False,"[0.6562042747623636, 0.8178052604686304, 205.8613497598505, 27.404575516814816, 367.77428745637724, 0.12481354659796015, 0.11241382371730478, 250.88802788817986, 22.061583751084868, 223.40283400765517]"
0.009474767127807223,13.838420126046682,0.2584438855884931,0.05778859163594119,True,False,"[0.4706025929671833, 0.8573089608731911, 204.6846383904493, 28.76553151836429, 365.1438103766228, 0.19258630346797478, 0.1789605547441943, 244.8702019296535, 22.210462064693917, 223.94256692456023]"
0.009380019456529151,13.829416950169476,1.0,0.6801366688168922,True,False,"[0.39702575192171913, 0.9234088691551815, 200.87505835816847, 27.11802234240892, 361.16079965861803, 0.27869100701769656, 0.16555882992504597, 241.62309548033494, 25.37375504670937, 221.26050947127624]"
0.00928621926196386,13.836773615663091,0.45284145589580754,0.18067737945321938,True,False,"[0.3778149685878882, 0.9058516238630262, 196.7817892809194, 25.458524862421434, 359.58529409672195, 0.30127562262247826, 0.1461742752756629, 238.14724328542974, 34.827713156884336, 223.06468835457184]"
0.009193357069344222,13.867396521975369,0.03575797584517203,0.41022743729648414,False,False,"[0.36729082032662613, 0.8306006535918494, 196.02539875451697, 32.97840285417021, 363.87358875718684, 0.3413566509110861, 0.11431756422282138, 239.87052654273268, 44.110236337791875, 218.27239006552918]"
0.00910142349865078,13.834777713727568,1.0,0.09837871375229157,True,False,"[0.45132361265304466, 0.855108290647309, 196.43603278812162, 22.252837086031192, 358.8647850582949, 0.32169796380803384, 0.1466235654576375, 233.75092376490372, 41.43227784189658, 220.39951341027933]"
0.009010409263664271,13.8387109575973,0.6462801363170203,0.7454007347735851,False,False,"[0.4848484191330017, 0.8334369651803408, 195.2480032219463, 13.099058768567893, 363.1811964072294, 0.32924130031271964, 0.23702015714171035, 232.20213899065558, 50.48785745609938, 217.80850916097117]"
0.00892030517102763,13.85298301796495,0.12991387252402245,0.18986675654024499,False,False,"[0.5380081032718576, 0.7991422675878739, 195.62444062039756, 31.877320724431055, 356.52234431883363, 0.3557016254862886, 0.09839271351959225, 233.7780742574235, 37.71869303301336, 217.5735868741488]"
0.008831102119317353,13.842264295243435,0.42837698546746295,0.828443858030253,False,False,"[0.4754857579967776, 0.8271090727718825, 199.84701435682007, 20.397452691563657, 354.50318195521095, 0.28822241340630184, 0.24341029094813396, 232.35014721600973, 51.0448133065329, 219.78624835689163]"
0.00874279109812418,13.850760868786047,0.1607102121098692,0.46420093723768385,False,False,"[0.5457092221666062, 0.8355356644909867, 197.0430754369566, 24.42153313818162, 359.0627251634353, 0.3618295514894554, 0.23422749917757824, 232.47027304583392, 42.824066165003686, 221.04477900616288]"
0.00865536318714294,13.851646546334457,0.14242415449603626,0.5951703877237303,False,False,"[0.3982738847759709, 0.826438675478331, 200.91283438373637, 22.48701323064725, 361.06713667174273, 0.335387102406027, 0.11745692597388509, 231.69072205013754, 46.51952268611255, 220.132752516307]"
0.00856880955527151,13.856121932481766,0.08283372780052357,0.3038565720783536,False,False,"[0.47311662598295284, 0.8091153936551823, 195.68317488862257, 23.293556690422527, 359.35225017099907, 0.3166267917678261, 0.1445686414052734, 234.31481135879906, 47.97564073989086, 220.4203293991903]"
0.008483121459718794,13.845980317256792,0.26698157313242016,0.6304507758282878,False,False,"[0.4567630486158898, 0.8221515542876939, 199.48894972582508, 21.243823222880835, 357.92476231132235, 0.4099638333263874, 0.2313284638210772, 232.52533798284816, 32.325178746384296, 217.2419600610352]"
0.008398290245121606,13.829187949157038,1.0,0.80530436476969,True,False,"[0.5055172779963288, 0.8543630185092707, 195.91301565445627, 12.538241272890529, 360.46966092914687, 0.38325310257746004, 0.10319392149242088, 230.7399778536458, 36.27207082242521, 215.77685562573822]"
0.00831430734267039,13.825765459396035,1.0,0.041551621137932315,True,False,"[0.4324591687539747, 0.8840144229370743, 193.12614815644446, 7.176945821244232, 360.99572468100723, 0.3130340196910014, 0.09603077999084998, 229.61328349459143, 27.212008706444756, 220.63820258390876]"
0.008231164269243686,13.824925444875266,1.0,0.2897055082814477,True,False,"[0.5137341075854369, 0.8764827172057733, 188.5109036760976, -0.7175554323363409, 359.8527786421988, 0.3697091934642288, 0.10887227053890178, 232.87409667734843, 20.42889282487569, 216.73132132239925]"
0.008148852626551248,13.801916536565294,1.0,0.2506023286485026,True,False,"[0.48062928284676215, 0.921641802351281, 192.87214514328014, 0.18910731605830033, 363.8544766651827, 0.37945417550854266, 0.1735931325278515, 228.2892567732508, 11.177125101640813, 219.53927394005146]"
0.008067364100285735,13.831497141822524,0.025560677016732564,0.4630070747337798,False,False,"[0.5490214059843741, 0.8711994314397371, 189.20935452785903, -2.4052313532412226, 366.58004334672296, 0.445764459830263, 0.17502607502149228, 223.92570448263038, 21.038719064526653, 215.94996338227332]"
0.007986690459282877,13.823732670956424,0.06511754372914652,0.29935460364294497,False,False,"[0.5166643410898413, 0.8767471134867675, 191.0058326129918, -9.559830371741036, 363.9666756149603, 0.2867675947983548, 0.1593380564527529, 226.68543194082108, 11.768282931233012, 218.14393911947823]"
0.007906823554690048,13.856593718970863,0.0009925934471623943,0.471992794486506,False,False,"[0.4015862463921446, 0.8257318718977957, 197.657654058826, 0.4768323510617902, 360.1790459697888, 0.2867289453988322, 0.16602857433621546, 228.23323492383236, 12.819570310777445, 221.32226670890904]"
0.007827755319143146,13.831761717041424,0.022087619293815183,0.7663417501653661,False,False,"[0.5324600252885724, 0.8593679010216407, 188.95344262539163, 8.776184493862484, 364.12413358411754, 0.3247670463614569, 0.09044259762621036, 227.0054064802473, 18.276633351479937, 219.4559998603229]"
0.007749477765951715,13.860619630237403,0.0005130674805021056,0.5187255567047828,False,False,"[0.4848202648577214, 0.8649897336998215, 197.07563607418686, -9.164968887322612, 367.9654042966355, 0.41711154264250483, 0.17412908659083395, 225.70050645370554, 10.96844506166786, 221.2726753751933]"
0.007671982988292197,13.847204890441493,0.002731011574392085,0.3327716286693223,False,False,"[0.45143587513626593, 0.8242593656076792, 192.0447593274094, -0.9461313151426696, 360.8316827352316, 0.3992825687293303, 0.12775779730420506, 226.57384608434114, 13.495202024301353, 218.877606557392]"
0.007595263158409275,13.845457614617523,0.0032384443417433763,0.683806067095909,False,False,"[0.39984057839012843, 0.8681294482549331, 192.02563473084433, 3.223197164977395, 360.3018109420869, 0.3067431042191674, 0.21868280045617636, 228.63157589057573, 2.266564585516562, 222.37849583375043]"
0.007519310526825182,13.824033835913163,0.05279177296574482,0.9473671933285178,False,False,"[0.547230660457974, 0.8855530946137202, 191.5867222358422, 9.912481209058459, 363.5196900147789, 0.3997650036058003, 0.14564409004417048, 228.3921795000159, 20.027673827262042, 220.3346400773979]"
0.00744411742155693,13.861906819881963,0.0003163218738013397,0.043463364119058934,False,False,"[0.3895389240197614, 0.8223407806044477, 192.96210195456055, 7.151982463257176, 367.3331324514278, 0.2864096490056407, 0.18699717488190615, 229.75525568205302, 3.3410230924271698, 219.9536566868438]"
0.00736967624734136,13.830568090614673,0.02049113510334647,0.4738215676193609,False,False,"[0.5794525921181312, 0.8830734876742861, 197.63140633971017, 2.457475173577385, 367.83561956218136, 0.35222344651333926, 0.14603618829841386, 229.0895472180155, 11.163061112446208, 218.13676036105994]"
0.007295979484867946,13.835898724434504,0.009488644983091038,0.3255946730303907,False,False,"[0.5713186184083807, 0.8716780017917548, 190.06244646870695, 0.4298140534233861, 365.97313371919887, 0.31181733053664956, 0.22296474276227915, 227.75385414721802, 10.822265334371169, 220.57404945838724]"
0.007223019690019267,13.820986489090576,0.07134960709225452,0.7886585693003778,False,False,"[0.5751660024575682, 0.9020432605912204, 194.39037894709207, 4.838731624302629, 365.37250404421866, 0.3424286770019681, 0.10689864344332563, 230.2644959040746, 20.721630055892327, 219.77402481144105]"
0.0071507894931190745,13.832688172206883,0.013524531348225748,0.4290894852765249,False,False,"[0.4471621496929751, 0.8641138415331958, 191.65098486641125, 9.574969384358237, 359.2883937557539, 0.3169131465437085, 0.15953334272336434, 230.26713672949273, 16.37365263830602, 216.25870674958233]"
0.0070792815981878835,13.843563201031102,0.002786708375458216,0.8727070152309157,False,False,"[0.4128802829158056, 0.8618542853960722, 193.18465656931133, 6.4467938374072515, 360.5001799267459, 0.302009538112382, 0.1998654607301096, 230.33224708868136, 10.673098685617271, 221.77674896333977]"
0.007008488782206005,13.84566586925784,0.0019453085127265524,0.9656785459918912,False,False,"[0.5622009828651133, 0.8333034613106756, 188.2155845238604, 4.104890311207661, 362.0846606596605, 0.29239857466181346, 0.18435079972118742, 223.32755368518147, 13.39902215482781, 216.9657784807783]"
0.006938403894383945,14.03705646842613,1.9139088691532594e-15,0.1464769725844497,False,False,"[0.47395025605220076, 0.8829235306237602, 188.88473604855076, 1.736601694893447, 367.86209045416615, 0.35102372019067457, 0.13245090135959714, 223.70544597001228, 2.3478360885153844, 224.07543798973126]"
0.006869019855440105,13.84000393653723,0.0039076912898204875,0.8242205267727123,False,False,"[0.5801227743278453, 0.8819871405494879, 191.02441526395668, -0.6277052369174756, 362.70675708335443, 0.40339119588932537, 0.23226699086233202, 231.57706751511168, 1.8239188280523795, 215.74430717474704]"
0.006800329656885704,13.850123022034227,0.000834360178823301,0.836378310984089,False,False,"[0.3947590060134233, 0.8582385526034011, 189.4675857121175, 4.643170485286132, 358.9680577293256, 0.30065235298927234, 0.18774439026425954, 225.37498751992763, 15.130584301406456, 224.0234216734491]"
0.006732326360316847,13.821780130340656,0.052314592836309265,0.22375897809054968,False,False,"[0.5644196909976738, 0.8974592592993998, 194.8500626074265, -8.367832552186137, 363.91219906077333, 0.3065054605720955, 0.24019672020856564, 227.11547579555372, 9.435104742215485, 223.7024724144812]"
0.006665003096713679,13.855231325037131,0.0003357262847626858,0.7055681086435628,False,False,"[0.40611998316823444, 0.8352770014241752, 190.21576302170044, -1.7207189480320109, 367.5342034703898, 0.3166315551957206, 0.2482625407826281, 230.21137338311127, 2.194548134077179, 218.2907869881939]"
0.006598353065746542,13.812817123692582,0.19166305952324625,0.4524687976205488,False,False,"[0.5255345405645754, 0.9050052824295939, 195.58211063711667, 1.6640979036130519, 361.5501426555741, 0.2843232002697789, 0.12130469317729173, 225.10147494664935, 17.642587416588853, 222.54670267941594]"
0.006532369535089077,13.826878397567402,0.021900261034409545,0.7207523973349585,False,False,"[0.4065499373885461, 0.8964063901754146, 196.4294619243692, 6.515870502103783, 359.55248211891023, 0.4770804709442211, 0.15592335309727348, 226.82178093916784, 12.81626796177918, 217.95409692658282]"
0.006467045839738186,13.811938741031408,0.21230431951501536,0.47431219416846593,False,False,"[0.4212186673287136, 0.9166825161289863, 194.5812342900081, 2.3178970238819643, 367.0066878285404, 0.3358984909491971, 0.11997987996871781, 223.53851766887007, 1.3710475908858601, 218.98130746840116]"
0.0064023753813408045,13.840973683310635,0.0022419371458234014,0.5498248917783968,False,False,"[0.5500844462749962, 0.844862862278392, 194.56720666774459, 4.952927599703915, 365.6433776651341, 0.4421838745403962, 0.12444334713341934, 230.6103706730731, 8.080387704038992, 218.05775395964488]"
0.006338351627527396,13.840729304742618,0.00219081906390555,0.02133245566080688,False,False,"[0.5349708084923263, 0.8398251478442573, 189.6637793108894, 2.947493023103667, 364.26813220797374, 0.3731271415775018, 0.11141830033833973, 229.06197093712746, 12.794831399771779, 217.4359649499272]"
0.006274968111252123,13.816811912067932,0.09312830773861146,0.6782864719795793,False,False,"[0.46232754306823887, 0.8990984292681851, 195.68104155760247, -5.588258733580243, 366.4065154514799, 0.29418686463647575, 0.13783687087299568, 230.82780533352832, 3.0991767051719545, 218.8804459296549]"
0.006212218430139601,13.843483784595698,0.0012417813198168793,0.576446268308471,False,False,"[0.5138672000299948, 0.8328647249872004, 192.4633953373345, -3.445842544244523, 367.8601917551462, 0.3949092811628404, 0.20017171988824478, 226.9380859827621, 13.053860047388422, 215.19235513389083]"
0.0061500962458382056,13.830113828241322,0.010205242460060217,0.018549114911377895,False,False,"[0.4392000449210102, 0.8765600923158487, 193.8399813847353, 9.509238690351776, 365.33087809641904, 0.4665343204459217, 0.10229094299367184, 228.47308243884538, 2.4235671883562038, 223.5677816486986]"
0.0060885952833798235,13.845245324397142,0.0008116957757188665,0.23260172324166084,False,False,"[0.5370007589952789, 0.8373252273171135, 197.35202865431864, 1.9137764133588862, 363.2679202438522, 0.46764128022970713, 0.21985214655046723, 225.73321780621913, 1.6202693748608983, 220.6606365457601]"
0.0060277093305460255,13.836026260412005,0.0034866276913065137,0.08938093212997023,False,False,"[0.4162875337315318, 0.8771547813332254, 191.2989710933007, 0.18953935066944272, 366.45769985013476, 0.3774648764612087, 0.12739887472960543, 231.05212777866083, 4.193845604700577, 218.11977855775947]"
0.005967432237240565,13.82514229827582,0.020402733825773116,0.5566777692849959,False,False,"[0.4181194953857297, 0.9081565926191787, 192.83515980939157, 8.511852950873038, 359.0081095172926, 0.3883357646509387, 0.16298031764463164, 224.75537722625396, 4.075013488391438, 220.8597050214412]"
0.005907757914868159,13.839246591925427,0.0018020697630878803,0.002988759183560341,False,False,"[0.5155611624928375, 0.8397692158726562, 187.96167975527027, -9.168242084956738, 359.5033614857139, 0.3271279013081605, 0.12746011764082715, 226.38744405409957, 13.799580687206113, 218.65396078850296]"
0.005848680335719478,13.851379389911774,0.00021238786801450416,0.1339358805816957,False,False,"[0.40423271650030584, 0.8398638429018045, 191.53229185144022, -3.127749693071947, 362.53398778081, 0.3148029334393596, 0.13518204281499474, 230.30989453499996, 19.947187770928693, 216.36005948714535]"
0.005790193532362283,13.851230530342225,0.00020007611397013762,0.9251064274109698,False,False,"[0.4309995310212131, 0.8319886239143586, 195.39842429746042, -5.103761139306195, 366.3577828248842, 0.3256367276537172, 0.2502628944891738, 231.54038900725942, 12.607071116856988, 222.08314035521676]"
0.005732291597038659,13.830229473993063,0.00716032087893802,0.32784679295119834,False,False,"[0.4710107545137575, 0.8648668786131113, 195.0303670639711, 0.05654270834961128, 362.2090906725968, 0.3394177981471379, 0.15812027421325187, 232.877959574864, 16.687262069559686, 216.70152704120704]"
0.005674968681068273,13.826521889137302,0.01309180424581939,0.3489213647547569,False,False,"[0.4237611290841032, 0.8953814429704832, 191.5746092614396, 6.578194975670853, 367.8326179191509, 0.34929457058509544, 0.21786643682265502, 232.87973225957927, 8.265140341042997, 218.79475309782129]"
0.00561821899425759,13.828574419278494,0.00869593866402571,0.7178460149423707,False,False,"[0.3890343843512202, 0.9160361123942323, 188.62680004130422, 9.385291858830879, 366.41802282913085, 0.38899167119442146, 0.26459958020943053, 223.73025736298374, 20.227559195709162, 222.2197724134935]"
0.005562036804315014,13.825029533649355,0.015678082270775395,0.09922652348176098,False,False,"[0.4316406188392066, 0.8938021042497021, 188.98081498844877, -0.12995461640395067, 367.10977977359556, 0.30502412384585265, 0.24938449379604063, 224.6429652486424, 12.882537950888404, 223.0549505659063]"
0.005506416436271864,13.828734211692847,0.00767137686044921,0.7334806340744524,False,False,"[0.4795160307601353, 0.8615154909481101, 194.0893585764571, 7.441946494831117, 366.4497245433364, 0.31995267275585854, 0.11722924499160087, 224.74992599721722, 6.728006780978324, 217.67231950864422]"
0.005451352271909146,13.816611695611787,0.06749575348178972,0.6705823581829313,False,False,"[0.4668431806922968, 0.8908631400889061, 194.42567200606504, -5.502914421268893, 359.3741471178912, 0.4354218075155906, 0.19689989618293158, 223.75127545802357, 17.833169495187583, 218.41879631837247]"
0.005396838749190054,13.824667375970169,0.014763663538207072,0.22631470055637537,False,False,"[0.5392955994957106, 0.8849754521805206, 189.04055435285986, 0.24754523561561736, 362.9579287803836, 0.2929813382045708, 0.23876607477186157, 226.07619228215106, 1.978784817518255, 223.71904387316255]"
0.005342870361698154,13.843836826450406,0.00039130464840800083,0.998963524130241,False,False,"[0.48410574318247956, 0.8275443952935269, 190.8705261306095, 3.7253942339914508, 360.82369466661135, 0.40367283601242526, 0.2567605644147848, 227.17622845094522, 5.363343301363988, 215.10293391177973]"
0.005289441658081172,13.825392535191845,0.011816299714332172,0.6176581705953322,False,False,"[0.560039643388353, 0.9272776216096535, 197.7560167214933, -1.2009155161827225, 362.71840540311223, 0.3716983183765333, 0.1341387651025862, 226.93772810376123, 17.226950008439132, 220.2552697549612]"
0.00523654724150036,13.848986386437678,0.00012480991550412615,0.968727340320894,False,False,"[0.43087465507626765, 0.8287667926439046, 194.76605915390093, -5.222476312626779, 362.0649624638587, 0.4587928102873443, 0.10937489325206912, 226.83339056143137, 14.399014026941227, 214.59172300445834]"
0.0051841817690853565,13.811408269011118,0.16026882631685466,0.5846177569798534,False,False,"[0.48287516786878737, 0.9181294903174398, 187.9547271070566, -5.86041853034818, 362.05505767861814, 0.47357746291791225, 0.16618822821922224, 226.60826815865798, 10.957271732301571, 221.7887430335588]"
0.005132339951394503,13.853671874822187,4.1735428009485167e-05,0.09043064971007753,False,False,"[0.5702162343308941, 0.8723763875742528, 197.65907523393767, 4.673966630957222, 361.67475298446425, 0.4331582117233632, 0.11402248013692215, 229.19634804481285, 17.35091170236751, 222.49575174861576]"
0.005081016551880558,13.837953914669022,0.0008312725931904083,0.7688366355865213,False,False,"[0.442235602583496, 0.8774791710106835, 190.5116548910838, -5.673174168143503, 363.3774734789672, 0.40119466481441374, 0.12945387907825817, 232.7417070424885, 12.896833586555825, 222.5470006942373]"
0.005030206386361752,13.831774683796109,0.0026431872062852952,0.5582420219417725,False,False,"[0.5249751384804431, 0.9175716517414616, 191.65643667934938, 2.7732518222994385, 367.75190133886, 0.3806669056406259, 0.24456383586160185, 228.17889404113387, 12.61486642993589, 221.70325051993885]"
0.004979904322498134,13.825940136985889,0.008033710073155273,0.8854491788291495,False,False,"[0.5688859213882896, 0.912156154645591, 188.1383088625703, 6.47446482467118, 367.551612967275, 0.4517624230464291, 0.2167867906728088, 228.23662273037831, 12.75423171728911, 221.84381835045218]"
0.004930105279273153,13.82859959299529,0.00446150514531246,0.30663839730233733,False,False,"[0.5706961983335161, 0.8801595835278584, 195.9479888618874, 7.902595264902696, 368.3636092675564, 0.34741786887267667, 0.15213352516508294, 225.80487643619193, 11.410090377661627, 216.6512078244761]"
0.004880804226480421,13.81534906194924,0.06379291612012622,0.9751254732794423,False,False,"[0.52848460450572, 0.9009119390917464, 189.29681542239496, -7.427475396656214, 363.4626608509544, 0.38584300271843064, 0.2131031186888975, 228.10322935660864, 19.575488658280477, 223.55868632269272]"
0.004831996184215617,13.84314655079292,0.0001969209146797834,0.39438869023995604,False,False,"[0.48713445898845553, 0.8375478501307175, 193.95317934772086, 10.016973982332534, 362.0364598790352, 0.47606126085490685, 0.1716076697168989, 230.2388706034435, 15.237577386322426, 224.43209902905193]"
0.0047836762223734605,13.844062647148537,0.0001491732754067594,0.8453922684411832,False,False,"[0.5289674130583387, 0.8975112890802333, 191.48713379415446, -2.9236077238280727, 362.0638114834338, 0.3858191530846029, 0.11614943591001532, 232.27626124502925, 18.183624961035676, 217.51720260425017]"
0.004735839460149726,13.855307168404789,1.270211658506177e-05,0.3301171889870994,False,False,"[0.3838978010799815, 0.8520663598740722, 194.79342601248618, -4.220508842468347, 363.06967024510016, 0.3168630539558944, 0.24181233802875235, 227.75598622961135, 5.532392854788116, 220.76619786096626]"
0.004688481065548229,13.835765169711653,0.0007321459097969858,0.5223734294956622,False,False,"[0.55870658478575, 0.8886525316851585, 192.52857711476642, 2.672939470293966, 360.14263470892456, 0.3584467115092445, 0.12690103588151355, 232.40612919944627, 18.67987643131552, 220.28445330921463]"
0.004641596254892746,13.833422756364198,0.0011274481933732797,0.33476472450938655,False,False,"[0.4912667510524882, 0.880604173615864, 193.6771852546238, 9.827027488461827, 365.91012486041114, 0.40742146604535495, 0.15782054658366734, 226.87144306962756, 19.852625002375333, 215.2149757054143]"
0.004595180292343818,13.84174476685951,0.00017210732340665355,0.4790396652729759,False,False,"[0.47791721241079854, 0.836933213834772, 196.65856823675986, 8.184326841939676, 358.88333035818147, 0.35132501222351675, 0.20469187307505649, 228.43682501166742, 12.721186032188148, 219.49111217505416]"
0.00454922848942038,13.83828051370003,0.0003376710786936256,0.7661798088331107,False,False,"[0.5612307232293754, 0.8589904542454724, 195.83592347404695, -0.3201486457599936, 367.94118522154594, 0.3018854235469352, 0.17644888725452412, 231.53629359567867, 10.795649266532225, 218.58616799810818]"
0.004503736204526176,13.815643427064483,0.047458978728909945,0.5243939230584304,False,False,"[0.4140370810548939, 0.91970122166709, 192.05781910202268, -4.067881796712624, 359.88498075964196, 0.33453820919980737, 0.23724574506510324, 225.3275493713759, 7.88056417906856, 220.66266711792335]"
0.004458698842480914,13.81470048678478,0.05685830265563183,0.01047335631969204,True,False,"[0.5250422953814984, 0.8958587762958397, 197.4855156095958, -1.7790742235832218, 359.1237299935044, 0.3065410061999593, 0.1641754332147699, 228.35087009840962, 14.975882065676476, 219.6434575139566]"
0.0044141118540561046,13.832263686238264,0.018706671874492806,0.5803035365678458,False,False,"[0.5619876221300835, 0.8623661430594586, 200.31723761495107, 3.0948638915494806, 363.3534930660473, 0.37862263566711496, 0.12425545134626573, 224.8565272514703, 16.03215725645385, 218.01399509795112]"
0.004369970735515543,13.85410060642986,0.00012143807895358851,0.4005997829400285,False,False,"[0.602559407066771, 0.8441275759998433, 195.57034278147015, 6.18153543216538, 362.4947423301602, 0.3536185384378979, 0.23219630549260709, 232.9697091744162, 14.657335347039293, 219.43405105420356]"
0.004326271028160388,13.838257797798997,0.004317076300643648,0.0857362643344235,False,False,"[0.48494068258818757, 0.8379154921803098, 193.34015175980397, -4.384418648552944, 355.50852156757617, 0.3469741292271126, 0.14537694819810143, 229.43142659860538, 21.723256195257257, 215.43664059327074]"
0.004283008317878784,13.860123961691535,2.477917317039297e-05,0.525028486700943,False,False,"[0.6186423142161598, 0.8300446157410506, 201.7082248093161, -8.107061696747786, 354.8246529753065, 0.2941774246329881, 0.22088970726674595, 230.32205007383308, 7.513132518783992, 222.5940001385735]"
0.004240178234699995,13.861998059684282,1.4309040079987663e-05,0.28863325014639185,False,False,"[0.60816219847814, 0.8122523856612942, 197.97859101492884, 5.37802372717652, 359.6427394466834, 0.35652048565752736, 0.09290275571034379, 229.65342188089426, 9.049357756020424, 223.77606255874218]"
0.004197776452352996,13.831280388414038,0.01926073610947174,0.18960025015755744,False,False,"[0.49238650079366864, 0.8594929414025981, 199.8245635937699, 7.221075037476397, 354.1442819388925, 0.3883421646247308, 0.23907528115950943, 229.05467344272785, 9.322977191292333, 220.43855481822425]"
0.004155798687829466,13.85888131077881,2.415239318781157e-05,0.9306037169237299,False,False,"[0.6100434960367968, 0.8289451331748859, 195.33224226274103, 1.8151140988656538, 360.4877316814872, 0.3311510603242874, 0.18024373907784963, 226.1529093941105, 16.682229169559033, 223.28825172079516]"
0.004114240700951171,13.852052189207463,0.00011407686181402731,0.7089984637530317,False,False,"[0.48303189413593056, 0.8181737520776375, 192.827363170662, 3.7630262573716555, 359.2783472823878, 0.3889911023484235, 0.09336236127536052, 232.30556082898823, 19.382310147319295, 216.63066169357873]"
0.004073098293941659,13.810039166307817,1.0,0.19667162135974736,True,False,"[0.43611049489199344, 0.9255526864501864, 195.70453087554262, -5.379864689615995, 356.50062334608776, 0.3914542145061966, 0.25528950426345975, 230.00121820649636, 19.150038850031603, 220.99849097118064]"
0.004032367311002242,13.82087108351112,0.06813646901186289,0.9211442570883447,False,False,"[0.41900855031745754, 0.905580669993002, 197.30900842415713, -6.302388234021763, 354.41433217380273, 0.3475644776035893, 0.21168146137677082, 227.8760281521225, 26.145267930645964, 220.29563546773375]"
0.00399204363789222,13.863842166059039,1.40207395543302e-06,0.12317019495634729,False,False,"[0.3705301090902049, 0.8353847911646356, 199.651172825612, -13.489557266787962, 360.11278986415886, 0.3239492416371129, 0.3322947468815358, 230.82807355440963, 26.152225650573232, 220.48812558851282]"
0.0039521232015132975,13.867560129764438,4.776221334323702e-07,0.8725585245635954,False,False,"[0.3452824360102662, 0.8745716112293763, 195.47259864439292, 2.8994038464258347, 357.2511045290689, 0.3503333668221409, 0.3152753493430428, 226.9803350546768, 12.606316678111588, 221.44294998947393]"
0.003912601969498165,13.808296502511586,1.0,0.7758650480638107,True,False,"[0.49944686585928083, 0.9127642777264966, 195.42528558524057, 4.58835660192639, 358.49653874411064, 0.3356004391855437, 0.3010883106922661, 229.42433254532727, 20.26269094410072, 225.69427471819267]"
0.003873475949803183,13.825606560089678,0.011460267178337882,0.19699118300449636,False,False,"[0.4759462496705106, 0.8718797629131921, 196.6860142104964, -2.6990840440615846, 353.6847553327379, 0.3371658223210018, 0.25219984014544305, 224.50447111411765, 26.129551376221507, 223.3752810756899]"
0.003834741190305151,13.84585500498257,5.577007648259843e-05,0.059116367734846076,False,False,"[0.5351904143689432, 0.9143004669644439, 191.4236824885768, -4.960950567410673, 356.847269718138, 0.43557902521263747, 0.33721125636727256, 231.16873128027981, 14.05655198082982, 227.15186478093946]"
0.0037963937784020996,13.817683449585772,0.08436558362852689,0.24289125792205146,False,False,"[0.4722560619514099, 0.8979164266409574, 191.28233710505123, -1.849150099326108, 362.53072447513324, 0.28096455309476603, 0.3384739779745026, 231.08738992590634, 25.443998416691958, 224.20622074007946]"
0.0037584298406180784,13.837932834526,0.0003762352068158996,0.018713847628308522,False,False,"[0.5703751783768876, 0.8733992452833301, 199.64771717976336, 14.166776421679131, 359.8163415349716, 0.3989968103730871, 0.39177468476312693, 232.25638595278014, 26.87712013878946, 224.81057815843388]"
0.0037208455422118977,13.811874173865277,0.3823109252372058,0.5509458007392483,False,False,"[0.5678179462191338, 0.9177091846378016, 196.32639176481985, 0.7445939047378412, 354.738573909208, 0.3390716144523893, 0.2723820447019299, 230.42155121904, 23.064346219971725, 222.5547732661452]"
0.003683637086789779,13.852558756447893,6.047227804606751e-06,0.15034621794891423,False,False,"[0.5548919875923618, 0.8180054014865142, 198.56580558302397, 8.440978344755944, 353.64001615757167, 0.3726583655695105, 0.26102686202752534, 230.33082957152524, 26.618460911003503, 226.30193219524915]"
0.003646800715921881,14.031287280450774,2.7810745773407453e-27,0.14074153561608682,False,False,"[0.48915722484031177, 0.899980899163066, 197.6912556903935, 5.446868514098981, 357.9094605424212, 0.3021227252960727, 0.2081646322543796, 225.37139297455008, 10.451349717114427, 226.8288662593765]"
0.0036103327087626622,13.831665758663053,0.0015447679138053596,0.3947294037798855,False,False,"[0.47327193928840255, 0.9176912032435408, 198.35955696625982, 12.325855000978269, 363.01314310054215, 0.4260345729423777, 0.3362914767812738, 226.2442488829258, 24.074773494729452, 221.267056330111]"
0.0035742293816750357,14.06460373568758,7.191749235952259e-32,0.4472384562475348,False,False,"[0.403576944912773, 0.8517161701900415, 199.72217848824428, 2.535009041125183, 359.04670991780984, 0.3889462304856053, 0.2350247251581316, 227.0229054884797, 23.757964067727325, 228.0798515761246]"
0.003538487087858285,14.037687034713253,7.012376649634611e-29,0.22268287463151437,False,False,"[0.5974873626351145, 0.9187088881472446, 192.43144068747932, -1.527421628585814, 353.9294660815722, 0.40130826816342124, 0.3806618003710932, 224.48505866269647, 15.594623029136832, 225.6014600473653]"
0.003503102216979702,13.81619501115645,0.1049030916893289,0.9297210355165787,False,False,"[0.5084992086202809, 0.8989863504439485, 193.1149925210167, -2.8980121609179763, 354.58535579517684, 0.24586262561070393, 0.34575935059067964, 233.0925321630887, 27.681938036226164, 226.26263240681533]"
0.0034680711948099053,13.860368192883488,3.01469581672888e-07,0.715634861110015,False,False,"[0.45819158622163464, 0.8835420385851944, 191.35138786839772, 11.773259572310998, 355.0555099737582, 0.3793885327954653, 0.2473486927909085, 229.89994358279304, 17.360544832103947, 223.85256129007553]"
0.0034333904828618062,14.038004289140659,8.788867549808305e-30,0.5477568554813237,False,False,"[0.5440547073624317, 0.8968199887632226, 199.10258473599023, -2.811998917863378, 358.98825471771255, 0.27328984920876, 0.3989329441557391, 226.14289079119732, 13.547486687253336, 228.69460594795706]"
0.0033990565780331883,13.84881785800565,6.646942153599964e-06,0.7018015794470769,False,False,"[0.525787801925056, 0.8798911505990403, 197.26125299366052, 5.341756128980738, 356.8207428083486, 0.32611646326513255, 0.20305758834967846, 233.6016104143628, 20.783338909216845, 224.20538552930745]"
0.003365066012252856,14.068790565872607,2.402750998446735e-34,0.068915357998384,False,False,"[0.5352123777714269, 0.812966663386394, 198.41842783990379, 13.149376496272179, 362.61255950367376, 0.3310513894805477, 0.23064086621341076, 227.55664362883175, 25.371462219154303, 230.20593262751626]"
0.0033314153521303274,13.830759963066996,0.0011792012180094978,0.7953213310135525,False,False,"[0.5831832089501586, 0.8913902065337154, 197.280825661995, 3.0080781794987113, 362.0919049207885, 0.31309058235711795, 0.35917387939742096, 230.67841651457985, 11.740895208650127, 221.79987305065015]"
0.003298101198609024,14.058084617243967,1.281923079145293e-33,0.42971526517823555,False,False,"[0.546979434497338, 0.8430275159471174, 196.2383471672302, 6.271411406761602, 362.5993987712899, 0.4237318696107443, 0.24871722756890344, 228.93689276677512, 13.030763026134027, 229.02548433534488]"
0.003265120186622934,14.03039531612912,2.8746121876974846e-30,0.1843451240635826,False,False,"[0.5558740493365621, 0.9159430976578211, 196.59968034239193, 14.338805767618808, 355.45362716654586, 0.2768035284289109, 0.23532545986242168, 224.50800424388666, 22.538768165793567, 224.91977504186974]"
0.0032324689847567046,13.855781114226463,4.171210579423936e-07,0.9713833374473484,False,False,"[0.5538827439861439, 0.8538231006120091, 192.91565432638174, 1.9797820543312747, 355.03980961626667, 0.2928372964463247, 0.27971098530462113, 233.56026817800065, 16.128806533113035, 225.88100029988428]"
0.0032001442949091377,13.852702989147751,9.409259842814528e-07,0.6407926793509346,False,False,"[0.5604544808001006, 0.8268344165741826, 197.5250976025783, 11.346401502965097, 363.0588057507483, 0.3462177887884207, 0.3607946479651345, 230.90250508914886, 14.815502569401444, 226.274263235065]"
0.0031681428519600464,13.828811830927059,0.00154071895686496,0.6968020886176262,False,False,"[0.5832041849541763, 0.8932716006188566, 191.64277044969037, 6.189274127025935, 360.986750209633, 0.28933236416152674, 0.3774092490314883, 227.10352051295789, 30.19493672678056, 222.95226006782278]"
0.003136461423440446,14.05414702834221,9.077492451500934e-35,0.08933939276731129,False,False,"[0.48553102936354486, 0.8508954489070235, 192.15009280753353, -4.7417594333459165, 355.5208196082444, 0.3896913924120332, 0.2725965291767447, 227.2984694706662, 28.94558076727534, 227.46494143840363]"
0.0031050968092060415,13.811607060288994,0.34432512360398093,0.5554985622897091,False,False,"[0.5016428931052739, 0.9053746836825426, 199.97200962843482, 11.15225858687091, 355.45323641849507, 0.3716943550879495, 0.24935940645231575, 227.7475023094448, 15.849169866860343, 226.73046974881194]"
0.003074045841113981,14.042270638955134,8.80329113402538e-34,0.8396535060862695,False,False,"[0.5646207413506962, 0.9011531076411277, 191.26373042479545, 11.221101536156556, 358.4036035572323, 0.25045942316512126, 0.3462864685512772, 226.67390758120652, 15.560193554526286, 229.16130597379677]"
0.0030433053827028413,13.837992098171341,5.784875926967408e-05,0.6303712747570696,False,False,"[0.5310707413177815, 0.8504963016349918, 191.5818168543239, -0.9532453394878173, 360.5249256321307, 0.24495809315268124, 0.3773427548247871, 228.37939786637182, 27.879854837635545, 224.260932203268]"
0.0030128723288758126,13.85133517550545,6.253646680387604e-07,0.14256686232121896,False,False,"[0.5379691929987043, 0.8128672318467172, 198.3270415878277, 12.535787052898616, 363.4262385786259, 0.36091793813345396, 0.2318817320750151, 232.10139566731743, 29.510835358463318, 221.71213486674864]"
0.0029827436055870544,13.846154915763167,3.0741568269624814e-06,0.519972105941923,False,False,"[0.5604341325137553, 0.8454665358606517, 194.43196459267787, 7.572209335039145, 358.7439203353956, 0.3666768202286327, 0.2899060152169296, 230.68539368244325, 21.808218877585997, 227.18917727263184]"
0.0029529161695311837,14.058666491909912,1.5042292246824476e-37,0.6202456340448231,False,False,"[0.5627898295551857, 0.8586464165971064, 192.5769775793076, 1.4160408651085374, 359.92643663039945, 0.30125449815011085, 0.3783310577076722, 228.1104007062567, 25.371223501899408, 229.12772304153364]"
0.0029233870078358717,14.035619217772688,1.6952746246741842e-34,0.24458171895962777,False,False,"[0.4105337891105447, 0.9210410727762731, 193.9576849651081, -3.1579864397258186, 361.8701685935098, 0.326057248737326, 0.35398835872427326, 227.12673693580462, 11.45316349677955, 229.30477423404704]"
0.002894153137757513,13.891250870614751,3.5639270173970477e-13,0.4563238892512015,False,False,"[0.4412423074250897, 0.8598024037451966, 194.22376697988125, 13.58825499277486, 358.076371237529, 0.24293502624273283, 0.20948339241082725, 231.94231311791285, 22.377606669739485, 225.80727603873825]"
0.002865211606379938,13.838098221890505,3.0395132811351133e-05,0.38213740567424315,False,False,"[0.4896383057677031, 0.8601925376878257, 198.50596496832765, 1.6220588420598379, 360.75829477918074, 0.27496222569210904, 0.27816846083880703, 230.54061634325245, 27.532324990501536, 223.27338083424831]"
0.0028365594903161386,13.811954875915621,0.2753472971581935,0.7268070623843793,False,False,"[0.4185204066768027, 0.9246783284279879, 199.88984283504632, 1.4377902057336431, 355.6469526300655, 0.2706896640980688, 0.34664735916269757, 230.58634496349728, 28.455491644738885, 225.96604395417359]"
0.0028081938954129773,13.832109900657795,0.00020758506626679664,0.5426431528584067,False,False,"[0.528803371396667, 0.8759206535286108, 191.45939498807067, 14.497726409479277, 360.0843405603193, 0.24871358600891602, 0.39829893215861756, 229.9236095879474, 28.826809091515635, 228.62827712430334]"
0.0027801119564588475,13.83787608980805,2.3945962428113752e-05,0.48644805285881976,False,False,"[0.4829780220932148, 0.8507804925279412, 192.00005158418932, 6.674017912630446, 357.2160591347977, 0.43348503091578383, 0.3232940208128073, 227.36801824358454, 26.3818599021123, 222.37033997263902]"
0.002752310836894259,13.869083391969752,2.560202236974561e-10,0.6596888415907983,False,False,"[0.4176380502466123, 0.8934899960693873, 199.12418049456068, 5.526618433514979, 358.49257887665715, 0.3401258165249489, 0.23533751002824418, 230.207019903512, 13.652442443562112, 227.01801565274707]"
0.0027247877285253167,13.856215577482708,2.303268417470335e-08,0.3984438813341534,False,False,"[0.5681013824920548, 0.8286850105864481, 191.67143274156345, -0.8712955025007076, 358.6905379344894, 0.3860648302793599, 0.3987339279051375, 233.10038819813883, 27.68638673943579, 230.34647677016278]"
0.0026975398512400633,13.844718066828538,1.3685337829301299e-06,0.6495905697171519,False,False,"[0.43377870474852037, 0.8435377307820652, 200.3540746418483, 12.366064342505847, 358.0909457826725, 0.31771026369141875, 0.328867383816419, 227.9118282726929, 23.708591742511686, 226.93499842796126]"
0.0026705644527276625,13.840378708842753,6.0632297151354475e-06,0.5293753960741499,False,False,"[0.4701714317241388, 0.8566002297452545, 190.59128030653304, 11.587149743728617, 354.247330240462, 0.2936739789887372, 0.2906871254751856, 232.2629569479495, 16.62889318443165, 223.60503593240853]"
0.0026438588082003858,14.046187024136591,8.371863859681426e-40,0.5557533841802424,False,False,"[0.5931182593000995, 0.9019970504077574, 193.61366903772728, 3.238318901131376, 354.28079301932365, 0.28144529166576315, 0.2209175290289045, 228.1398398892154, 17.102221627134213, 229.37456037466305]"
0.002617420220118382,14.04638214361127,3.1313244034046074e-40,0.3602294798482476,False,False,"[0.5653731369549229, 0.8885597144881567, 195.4824437556424, -1.1833572580342757, 363.2893881615435, 0.2780075883692459, 0.2724299457982912, 224.86179718062917, 22.47660468180461, 228.4229504991268]"
0.0025912460179171983,14.046717276612895,1.0978082959623889e-40,0.07688741850579894,False,False,"[0.5606693592133156, 0.8842652246043818, 193.77204832875137, 6.354185293759913, 355.1085180959886, 0.3073752447108524, 0.3275321939351763, 226.6292199477338, 19.907595771901597, 228.48578806166043]"
0.0025653335577380263,13.857347946478011,4.9648465343088114e-09,0.5857174143218464,False,False,"[0.4550565309495742, 0.8304394628951552, 195.87033640026343, 5.561975124896427, 354.6555143562987, 0.31893477906439416, 0.21621441523800322, 233.3315482024281, 27.759229421619487, 223.26544569183014]"
0.002539680222160646,13.847370538455536,2.080649195970651e-07,0.15048029301884358,False,False,"[0.4666106373630918, 0.8290077998737974, 194.71390963067603, 4.4163247621859805, 358.13660962247536, 0.2514701976801107, 0.29013636146336597, 228.51264364004803, 13.929923747444661, 227.10540476877563]"
0.0025142834199390397,13.855643171794604,6.63386112497145e-09,0.05102268475580729,False,False,"[0.5781081393550146, 0.816508449259831, 200.15185252900497, 12.20122228342051, 355.0411260014813, 0.333063870933067, 0.28775470427087235, 226.67619059612218, 16.827326767103138, 225.57421855665487]"
0.0024891405857396494,13.831889140246192,7.649950497034406e-05,0.038660782720222,False,False,"[0.506173834725575, 0.861841567263622, 196.1946808338788, -0.4839170304668885, 355.2501315121365, 0.35709521332609406, 0.2557654407502815, 232.80530694013152, 26.203477891004326, 222.34608689148777]"
0.0024642491798822527,14.046689411599075,9.684951141660717e-43,0.44737415548587445,False,False,"[0.4137115274180706, 0.9001183382807874, 192.3110563561883, 9.023880856858518, 362.50494065857777, 0.24992318022285007, 0.3496803171696504, 229.7115427793991, 17.68529959941926, 230.3918147716012]"
0.00243960668808343,14.038620771675621,9.955879583147158e-42,0.3449147470688674,False,False,"[0.49015316425397554, 0.888933729255064, 199.42438734755797, 7.398305052035391, 360.39649703203895, 0.27538954972563545, 0.2431220220694067, 225.34539783763103, 24.243618670497895, 227.15899486764965]"
0.0024152106212025955,13.85396603237909,6.135776014817866e-09,0.8102682487242343,False,False,"[0.4548989962376199, 0.8144288043097825, 191.15864125372832, -1.9268371518622027, 355.27688708356345, 0.35515413372376897, 0.3411134943590383, 225.53346777844874, 11.527131526395003, 225.39080557814376]"
0.0023910585149905694,13.81348826788555,0.11402642011938258,0.24674215946187594,False,False,"[0.4180303648520759, 0.925938764738097, 195.69275841318128, -4.112626044468448, 358.84130817766106, 0.43326880907956966, 0.22381116339153628, 232.8606880446157, 18.601178514273904, 223.2846272850185]"
0.0023671479298406637,13.847470675088015,6.498547748117628e-08,0.022436438568342765,False,False,"[0.5958635358901355, 0.8574946942848347, 195.71648324785284, -2.5392314118636863, 354.8100167917457, 0.41423087644882206, 0.2771215104293488, 227.72968108552007, 18.178391762099597, 225.51466044279806]"
0.002343476450542257,13.816728958373163,0.027371093504303938,0.5115781174082187,False,False,"[0.5580597162488354, 0.9112713301659113, 195.51333086587803, -0.6074206783600262, 361.05960451566364, 0.2648876283820747, 0.33791929986388336, 230.62391942093564, 21.898798015028166, 220.88993056141678]"
0.0023200416860368342,13.834429379355608,1.2826866247434868e-05,0.3826686683502143,False,False,"[0.4329217024208293, 0.8764009822533689, 194.62681548015246, -4.357286150562113, 353.90445377849267, 0.34885402715113145, 0.3109452604518814, 231.42842594867977, 22.046658831963164, 224.13256211986356]"
0.002296841269176466,13.84768560015376,3.565962510579369e-08,0.7881289957893326,False,False,"[0.4560985084188061, 0.8297176878971239, 194.67087003790692, 8.806070501658898, 357.8102073281537, 0.2888261083639305, 0.2316484234496219, 231.08214494725462, 18.654316905896472, 224.38401956796653]"
0.002273872856484701,13.868207712763592,3.6087783919760627e-12,0.11983879443805434,False,False,"[0.4925924992905042, 0.8422398953019778, 195.56686314037788, 8.614252071444898, 357.7489001606724, 0.3563750173613735, 0.3464001959024562, 234.0532741719749, 10.365727750766645, 223.84499417901242]"
0.002251134127919854,14.029881710732607,1.783289888594594e-43,0.8845392656146311,False,False,"[0.5461041233776113, 0.9093401899404557, 190.52692032447473, -1.342256368210287, 357.6086735341956, 0.3492160698840499, 0.3865524009713881, 226.78033276878708, 15.356005488009144, 230.66373890864182]"
0.0022286227866406554,14.06485388003442,1.0100576771844921e-50,0.8321900007563552,False,False,"[0.5693171998753518, 0.8372891345706548, 196.55822417524578, 4.616359401867618, 359.33141771903183, 0.4121039717474576, 0.3236335465927874, 224.9364927650652, 25.53477368596913, 228.34615815744513]"
0.002206336558774249,13.84048081301295,4.6222356513849426e-07,0.6269118952537834,False,False,"[0.5750226524383947, 0.9085494809905929, 192.52530134860558, 7.038188559531199, 356.2279288242148, 0.4328706840843322, 0.22453032554123892, 227.33774562793425, 22.762600076273017, 222.51513056546213]"
0.0021842731931865063,14.060244841648785,8.047062507112347e-51,0.4017868185550979,False,False,"[0.4148932142318192, 0.8596000621148646, 193.00496822045912, 10.085259422675747, 355.9252098115587, 0.30717014774796464, 0.2340742838241956, 229.63630236908773, 12.62496617203563, 230.45921663939563]"
0.002162430461254641,14.06812395924053,6.564793553441374e-53,0.5341919009184416,False,False,"[0.4348598788634769, 0.8265827939832526, 199.43266656503988, -1.6864066322818463, 363.4482432762303, 0.3247980620954058, 0.27464882955572517, 226.3245277984779, 24.032853619716125, 230.14229262854744]"
0.0021408061566420946,13.846179792427979,2.0644729928892094e-08,0.9157750174165625,False,False,"[0.4815371161943315, 0.8294767369593667, 195.7402549983576, 6.5820633921426515, 359.17419586042536, 0.3354396924792722, 0.22502032182393927, 232.54918037719509, 28.77509912905508, 225.88266868100092]"
0.0021193980950756737,14.058525031465706,5.304624075759328e-52,0.7157004678251828,False,False,"[0.4528371157570861, 0.8509872731876285, 191.7035411024105, 2.2977885630052395, 355.21674122872207, 0.2983313082061385, 0.35967700858525375, 225.7870101650925, 10.691309055340085, 228.7416001992413]"
0.0020982041141249168,13.81542666838919,0.033432620637829404,0.4506130787664241,False,False,"[0.40745807002269874, 0.9253286202765301, 191.5500334881363, 14.284312166430926, 360.3646843340261, 0.2679012364819303, 0.29891926313186257, 226.94270175933235, 10.619882921959952, 225.3318190480607]"
0.0020772220729836674,14.035808707500689,2.7099727924124846e-48,0.6491161196869675,False,False,"[0.5814418975190205, 0.9147905609043339, 193.36465393807632, 6.7373170678601495, 360.9054801502921, 0.3557265845952611, 0.23189812414594735, 226.45489419938684, 14.253904588984788, 228.47036984293908]"
0.0020564498522538306,13.84226353314065,6.708433283052162e-08,0.14387107905905594,False,False,"[0.4031367065481153, 0.872109152102137, 198.5299760455662, 4.477772757079038, 361.68768415934477, 0.3873774304766151, 0.30777951058597036, 229.8308367082468, 12.024399484112305, 222.84636138360707]"
0.0020358853537312924,13.838014894661054,4.5759479801979034e-07,0.1450483021287774,False,False,"[0.45042424209624415, 0.8586346922858844, 198.53660460191247, 1.4291372014181034, 354.0216359153377, 0.3038680127386173, 0.37956682761606686, 232.19423143261764, 25.44863724933364, 226.72627578534593]"
0.0020155265001939792,13.897651082782792,5.576608692384427e-20,0.21536572038810664,False,False,"[0.4543399179676955, 0.8206703283224426, 195.1373468914433, 7.6167891573174815, 354.34069559230767, 0.3170685061571926, 0.27733099908127934, 231.17093260426984, 15.696151585263586, 226.98318724665242]"
0.0019953712351920396,13.87228491794691,1.1826586326961542e-14,0.5569185442606597,False,False,"[0.5380719003696556, 0.900074547029138, 199.26938035185623, -3.2177990017526517, 356.41034308584244, 0.3609729905259752, 0.3961448346323963, 233.75041502499604, 11.919038281460947, 228.4501302211662]"
0.001975417522840119,14.068761450629246,5.456585764366772e-58,0.7445636723023394,False,False,"[0.5794072106680741, 0.838268740334115, 196.2269856103544, 8.95970731742219, 361.87198406660184, 0.31095496827880703, 0.25825024198653057, 227.07876938827297, 26.936613538571915, 229.6611128742739]"
0.001955663347611718,13.8468624544786,2.726796267796572e-09,0.5896537155101009,False,False,"[0.5735685472368792, 0.8464653059310728, 198.81672848976507, -1.0358086619759357, 356.766478128375, 0.28429487384786134, 0.3784142824488444, 234.00614369312103, 10.47319280412529, 223.73072115203905]"
0.0019361067141356006,13.824833728846635,0.00019520018486832424,0.8279533083721553,False,False,"[0.45563715646022124, 0.8846437761711496, 190.73450278367028, 0.7132427137515194, 355.65965938588045, 0.42315664178356227, 0.226981423599104, 227.79082095710817, 16.774068648223235, 222.97520556815425]"
0.0019167456469942447,14.031124886920058,3.2489851885358766e-51,0.7633458200101488,False,False,"[0.5795972191774426, 0.923153686687718, 191.3291613254978, 7.212316924058592, 355.0739783647984, 0.42765039690718043, 0.27168965183220456, 224.81606543432983, 22.982874881499214, 228.1929119246511]"
0.0018975781905243023,13.842678435371713,1.3523335549910798e-08,0.10484202117256813,False,False,"[0.4498081242420113, 0.8772527060618691, 200.38253831693487, 12.021670519975277, 355.0255307211946, 0.34778913283637064, 0.3687019104199193, 232.27216289020498, 16.32266016874078, 225.74068183557574]"
0.0018786024086190592,13.84402392062511,5.5023869808895135e-09,0.5351720150243602,False,False,"[0.4525535758808529, 0.8379874230630686, 197.51056754454433, -1.7077341063060194, 356.0891012033252, 0.3633189227162962, 0.280526796798249, 229.03486255085426, 27.1105569397017, 224.67732806821596]"
0.0018598163845328687,14.069271012832738,1.1444930383686349e-61,0.5048529073279744,False,False,"[0.5775665275597689, 0.8356499261743505, 191.48152812313188, -2.2281117939893944, 356.8281916622933, 0.31790824330414613, 0.22867420639059688, 224.76186608088264, 17.654054552079337, 225.61408848166883]"
0.00184121822068754,14.038135156815922,6.125833175045939e-55,0.18672548240956532,False,False,"[0.4786807472701993, 0.8923816912430286, 194.9747380525614, -4.55669319840499, 358.3909747709972, 0.2482583775755507, 0.25888628712556205, 227.53888785111553, 15.430944450655193, 228.9228269366643]"
0.0018228060384806646,14.059516733358148,1.3972425334023673e-60,0.10784874049111237,False,False,"[0.48652251038305583, 0.8393082531537823, 194.97944849815295, 7.237362872370642, 355.36424057703425, 0.31438981200775296, 0.2504066083475841, 224.72374744925415, 18.907337493334087, 226.25765183579404]"
0.001804577978095858,13.805647487505391,1.0,0.5976293508953864,True,False,"[0.5217200348235581, 0.9236566273402245, 193.36245676355773, 7.336397489873579, 361.13940997796897, 0.3938245221356403, 0.23470873947868653, 234.32997111707485, 14.554040902372448, 223.20527009282708]"
0.0017865321983148994,13.849096771176832,2.7400514363258e-11,0.6885908031649262,False,False,"[0.5359484081853434, 0.8594761228834374, 188.46760160694006, 0.12694515322489153, 365.8861644353346, 0.46685352076046605, 0.14146926680589883, 236.98576931534905, 7.417143360064635, 221.8456591687002]"
0.0017686668763317503,13.83131720864452,4.97535651298623e-07,0.050941572151741554,False,False,"[0.45616054728868427, 0.874204624134231, 191.87119228163695, -1.4215695491132267, 362.0454533062262, 0.35345726403072386, 0.33243374752241617, 233.97876217192348, 12.418090067778929, 219.55642509680422]"
0.0017509802075684328,13.875168148022292,5.712626022707161e-18,0.8863228901521207,False,False,"[0.57506023449344, 0.8700538376210891, 194.13304712642721, 0.6875577069774268, 362.40309187565003, 0.44177389440510106, 0.1944020301052795, 233.29528220283413, 7.642598614822822, 226.16533832343526]"
0.0017334704054927485,13.851026883307746,4.274515006095974e-12,0.6768618479330853,False,False,"[0.47364083949164193, 0.8277566619764694, 192.33119891668267, 12.788868618665532, 363.8690497627352, 0.36555697051436314, 0.2568393319961804, 239.2785601242376, 14.015372849861288, 223.2465562551864]"
0.001716135701437821,13.851692770904734,2.226046548029799e-12,0.4094251927096393,False,False,"[0.5569295393469482, 0.8603359300281286, 189.29906539361465, 15.400150740307168, 358.8216763836369, 0.33208951762700173, 0.18156330704191215, 236.476950024118, 22.86909593097206, 223.43947703500152]"
0.0016989743444234427,13.866343881360875,3.0527607832706067e-16,0.13763158127958164,False,False,"[0.5296714199883145, 0.9033461539275507, 195.37808426833377, 12.991927140053203, 363.0130202226476, 0.3613601075291756, 0.18368752115904502, 236.24205457482108, 8.028542401103794, 220.9204523401339]"
0.0016819846009792083,13.861179117906332,4.587045252922603e-15,0.6465303484111675,False,False,"[0.5949251596369066, 0.8474051460656328, 189.22029627398436, 4.198278893499075, 360.23459951729643, 0.39103276362217787, 0.1490454375687556, 231.79759323942085, 14.117969684010681, 227.89734012986528]"
0.0016651647549694162,13.853999970346358,2.4496601640996995e-13,0.09249769282034581,False,False,"[0.42888750512034196, 0.8566015455789112, 191.27565954036106, 13.537296375031858, 356.83640812558195, 0.4024282674790985, 0.18325654541617237, 236.76431951083393, 14.034058519073282, 221.17758723653927]"
0.001648513107419722,13.844637459509862,5.34860827274702e-11,0.5638102467308203,False,False,"[0.5922482537474639, 0.8709994254056876, 198.02730834609963, 4.859305601443678, 357.1131961417951, 0.394472148540811, 0.27992843326651184, 237.66605823683912, 17.362544217024443, 224.65023591037604]"
0.001632027976345525,13.823888848022099,1.3990771336026206e-05,0.6634335598973314,False,False,"[0.5425707274967456, 0.896792658779554, 191.85005711466204, 10.740890795259972, 357.8703721090299, 0.473893729077642, 0.2624170037914411, 237.67561218061346, 18.95479740236113, 226.22875583341602]"
0.0016157076965820697,13.833660059931162,2.953621533792869e-08,0.49385552662051535,False,False,"[0.5420386493479096, 0.8740614889625913, 196.1354714029783, 8.406633752145424, 358.362472671067, 0.33260612069117734, 0.19058685156020055, 239.21186330830403, 7.0024394106707515, 225.27684166358043]"
0.0015995506196162489,13.820195062202405,0.00011224926571581363,0.18087101566549035,False,False,"[0.4317067570445668, 0.918058731986495, 194.96742322208797, 2.9496713068097096, 358.77071797931484, 0.29413676444550846, 0.2019123222170413, 229.93567093375398, 10.206212600270163, 226.16448999443125]"
0.0015835551134200864,13.800451880458414,1.0,0.89296535317395,True,False,"[0.4698940854687715, 0.9268612711864227, 190.68910634779016, 2.146189627930755, 363.6903115154918, 0.43609181914362555, 0.2919401446662203, 230.83680220870073, 22.189630515475848, 218.21053915171916]"
0.0015677195622858856,13.839371823937945,1.6530191158058147e-11,0.3723452620257168,False,False,"[0.41815422976759464, 0.8650064734180746, 192.24068183385984, 3.59047302150499, 367.5007058503681, 0.46993288514249554, 0.3862495211723307, 226.34658052945974, 17.147995584622794, 216.09339503525382]"
0.0015520423666630268,13.828438034300955,1.4752940980336647e-08,0.14938907754544495,False,False,"[0.5295944152959011, 0.87365697994923, 188.7423605239145, -2.9447196662481607, 364.6773221454938, 0.3832806825566475, 0.25016454021259377, 234.13829738808778, 24.779652074617832, 216.93447669083346]"
0.0015365219429963966,13.829917975092453,4.693257927391436e-09,0.9201955970009574,False,False,"[0.4381901448037918, 0.8809636690313151, 194.2307465986367, 4.83317726014393, 361.72102352064564, 0.3928626452264147, 0.3499621416306523, 235.74420300586831, 13.610147701410057, 216.24241265074045]"
0.0015211567235664325,13.802990953496412,0.18840289627775275,0.7130124849945826,False,False,"[0.475693502355529, 0.9248519797236915, 191.22039226286435, 10.437911966967295, 366.34965188304756, 0.4693616716166116, 0.1967249710072202, 228.99167547991146, 29.978705508786412, 217.41231751133742]"
0.0015059451563307683,13.844673451763754,1.7664001786874428e-13,0.2406322278592744,False,False,"[0.4343485214027058, 0.8601947758765033, 192.6204981243897, 10.78922233665882, 363.071654852359, 0.4042600821071314, 0.22238551023115624, 235.410233273376, 27.340958856318597, 215.29507719817414]"
0.0014908857047674605,13.80067222322214,0.8626094872731795,0.27541725318642374,True,False,"[0.49444774511661777, 0.9275057350140995, 191.901406051226, -4.673754288738956, 365.82190229947946, 0.39714588877345325, 0.2784063977238082, 230.0126819872754, 26.475265869328396, 220.7212272328048]"
0.0014759768477197858,13.84297831187116,3.562615328552651e-13,0.7844665261422561,False,False,"[0.438291886516406, 0.8432117404610211, 193.86573471543764, -5.346630506251027, 368.35726634333764, 0.32978053097337706, 0.21703973458414086, 228.9831800910223, 32.869513066948656, 219.79553790073004]"
0.0014612170792425879,13.819105415129805,3.321952386537236e-06,0.7316033792505444,False,False,"[0.5543226994234784, 0.9272305058111822, 191.35251366984355, 5.042691800224211, 362.1297905918698, 0.4634045351805035, 0.2089493630199355, 229.16607536133017, 22.166852739303977, 223.79884546124293]"
0.0014466049084501619,13.846928535189203,1.297471099636913e-14,0.47107167458028887,False,False,"[0.5680142124145954, 0.853426389237931, 188.92716590265195, -11.607890517564549, 365.42311743258773, 0.3937516022182067, 0.24629489038896407, 225.88095107585596, 24.714809611067437, 218.00998289533587]"
0.0014321388593656603,13.810477408975355,0.0010631353549528926,0.9195536878253742,False,False,"[0.4215583136628033, 0.9251921650452163, 194.09218174162953, -12.262150311525165, 367.0046947365872, 0.4662784185771338, 0.3476233086205429, 227.13783714854182, 29.862860667061632, 217.75460301682804]"
0.0014178174707720037,13.845905194935263,1.3950787029294074e-14,0.21426963144140787,False,False,"[0.4253456253108737, 0.8478149365941559, 187.4968160098089, -7.490903427699796, 369.910424980275, 0.37683270654618767, 0.21037485579175458, 229.54751710989572, 25.229956726398722, 217.70268716800155]"
0.0014036392960642837,13.846263944311822,7.827912005874936e-15,0.47152405785253804,False,False,"[0.4196834039575649, 0.8487237719926619, 194.35518918953238, -13.879713480548705, 361.47800899901216, 0.3224071022122308, 0.3256133061204718, 232.35708087462754, 22.26704046193441, 216.95849899570177]"
0.001389602903103641,13.817333722468302,6.205246240005011e-06,0.2561299344871215,False,False,"[0.5442969691489444, 0.8995246318080742, 192.34122070007425, -7.003419897046219, 365.820510502576, 0.30616603258113184, 0.31560746990746313, 227.5053553972014, 17.836665716162486, 222.81451836849962]"
0.0013757068740726044,13.860796492424107,1.0458641371513355e-19,0.7965013704391213,False,False,"[0.5785797432341526, 0.8818645596133923, 194.9869174769646, -14.66139752257273, 367.2638520621552, 0.32990338500305083, 0.272882875239879, 230.58749541631585, 30.23015898500727, 217.18981033474594]"
0.0013619498053318783,13.835921279968705,5.752891376194512e-12,0.03465038531599829,False,False,"[0.43305989548810253, 0.866603821609326, 192.75736249327335, 3.6649339797136937, 361.8793992771938, 0.29973427308985645, 0.3180325513998381, 229.84006986172275, 18.680537845783515, 218.982037953323]"
0.0013483303072785596,13.850739283834978,7.473093374511279e-17,0.5382578721617008,False,False,"[0.4311971379580155, 0.8415400324747437, 187.85386473710014, 4.351820687454469, 370.7561437874533, 0.3153592757519299, 0.28587852683247994, 233.86142859223511, 22.147733266676937, 223.82031823105115]"
0.001334847004205774,13.847637106360045,5.246921709030091e-16,0.9514340184796765,False,False,"[0.42337379041528167, 0.8475629699160487, 189.5860948204354, -10.645284543303084, 365.5779920481517, 0.35460331114224664, 0.2507740008481639, 228.3578694419646, 27.95585606081965, 223.2058504568614]"
0.0013214985341637162,13.838179986465136,4.715503334910862e-13,0.4457633071643815,False,False,"[0.4371192350588619, 0.892236773980431, 194.74292542890385, 1.3030318870426543, 370.62816111644844, 0.4535816129881902, 0.18721916663708854, 232.34631117738806, 27.842848900493696, 218.90435045073207]"
0.001308283548822079,13.822611848883966,5.2116785871479625e-08,0.4070741401280519,False,False,"[0.5273018543299622, 0.8894780408814176, 192.85746153735272, 4.706602134039705, 368.8206079107154, 0.4762705112327382, 0.2956747196915325, 233.3816687300811, 30.55792389708671, 223.05025090759025]"
0.0012952007133338582,13.823505561251306,2.2066860194220608e-08,0.5334402699151884,False,False,"[0.5356178597989398, 0.8762259121883934, 189.03766375155828, -7.83806565159997, 365.8578282616695, 0.31322340036979124, 0.17885230313155345, 225.59974605948852, 32.028842488856505, 217.16172171598262]"
0.0012822487062005197,13.83761770345705,3.0665972812687986e-13,0.8923652609536405,False,False,"[0.4726683499248621, 0.8535953089903396, 194.68284176777502, -12.013549840091695, 367.97228286210924, 0.4573118510394766, 0.3028369263376389, 230.0165169616508, 31.038251767848102, 223.60495173152052]"
0.0012694262191385146,13.853632981391225,7.605588827857811e-19,0.7129937099245374,False,False,"[0.4024894969155245, 0.9064380038748437, 188.46784769258065, -11.830586183092144, 364.73498983472257, 0.39290251839559337, 0.35191953098069406, 232.00410649772152, 21.778739854570375, 225.1875020178933]"
0.0012567319569471295,13.838755303360328,6.909708182435441e-14,0.8485063091740304,False,False,"[0.47378094014832256, 0.855077301951986, 189.217121310868, -12.493315282790004, 364.3302608902692, 0.3216956608010366, 0.37228777174795635, 229.7701771631517, 21.98525050306815, 224.838238058511]"
0.001244164637377658,13.832765880514824,6.269365312933718e-12,0.8182292807145617,False,False,"[0.5943003156495116, 0.8883350907815967, 188.68783291566555, -12.650799219865824, 364.7356178276386, 0.34517071214948886, 0.18760832407187628, 233.41085969040398, 33.0290368098611, 216.2808325012395]"
0.0012317229910038816,13.831459075427967,1.3958282205393901e-11,0.6138513315225663,False,False,"[0.468283233114288, 0.8646762251141376, 191.3707157746335, -9.55212718793095, 364.7313744836123, 0.4424369121922653, 0.28920097814702617, 227.40825435628824, 25.46351479728181, 216.3306364474231]"
0.0012194057610938427,13.80793238023905,0.0025958315218997463,0.5471894492542796,False,False,"[0.497299003558201, 0.9154533620118407, 191.09852535702828, -10.769733837837677, 368.9291140684835, 0.31023688520152326, 0.24560711322708378, 233.64863831844175, 29.81377284897194, 219.40989491441488]"
0.0012072117034829042,13.814496555573728,1.0633974556876914e-05,0.5707747487787471,False,False,"[0.5394543646842075, 0.9016345841468563, 192.74371238052908, -8.075898673197957, 365.0511370442881, 0.3348242692599387, 0.20585782461437185, 227.34117240134626, 18.81293553057043, 221.41164562435753]"
0.0011951395864480752,13.854173591384047,3.6179642770059865e-20,0.5699306433564282,False,False,"[0.4404156443830113, 0.8568325160708338, 195.76758388110022, -11.23419612185241, 366.26447845130446, 0.455742626996407, 0.19389014464820475, 234.61203004225675, 23.416715579730955, 218.1289207855727]"
0.0011831881905835944,13.848467939436397,2.860026265468986e-18,0.6755093694643368,False,False,"[0.5658025434798855, 0.8331449576020542, 191.4540814862235, -0.18750438865831587, 369.11424315212207, 0.44352430127127584, 0.19342009965512114, 226.1766292351943, 35.40879298138532, 220.56955956833687]"
0.0011713563086777584,13.81061979209654,0.00020503067382160315,0.4505977713568614,False,False,"[0.42438614959425397, 0.9234202088197632, 194.28671423616296, 1.277256577834172, 367.03130248682567, 0.4506099608816756, 0.19750121347531313, 227.49758875806506, 20.67499744624419, 222.04006643731137]"
0.0011596427455909809,13.834266721896668,2.62192678604605e-13,0.24389266928958175,False,False,"[0.5381393134866447, 0.8656965209343738, 189.0385848857845, -13.246896839810265, 368.4219234929197, 0.351091796952528, 0.2689656018309583, 231.35074428541594, 18.829856554977287, 221.8584532637259]"
0.001148046318135071,13.808797050433704,0.0008442262067203105,0.23112891050542683,False,False,"[0.5474165955336044, 0.9161600333677465, 187.81167769050813, -8.756973063410417, 369.43549273359287, 0.3320913649032303, 0.22327145105607843, 226.08848006621565, 26.133045004377987, 224.0179532643134]"
0.0011365658549537202,13.821476542739367,1.1231496270301208e-08,0.24103859941453398,False,False,"[0.5014920195029055, 0.8835144133341651, 192.55930309226673, -6.146289892441627, 370.7859523862652, 0.3029565475346214, 0.285923385063945, 227.08134691257587, 22.39724977355487, 221.1101543615806]"
0.001125200196404183,13.842978851710662,4.686778491558377e-17,0.25279636606690903,False,False,"[0.44003879064209617, 0.8457837911567025, 188.41405052224204, -0.28950471014056856, 370.10595484473254, 0.36130517702642445, 0.309201815789494, 227.62683399021668, 26.210193354520513, 217.68336486115868]"
0.0011139481944401413,13.84178340285317,9.375682127593054e-17,0.7250465400351047,False,False,"[0.4090525937740563, 0.864952918672774, 195.20551380433858, -10.456223910216014, 369.1647278242127, 0.4067727275955374, 0.18050567983621824, 232.69039632502836, 29.234579648213014, 216.0064878601004]"
0.00110280871249574,13.839810231248283,3.865039536618473e-16,0.4305596260469714,False,False,"[0.4257208348301849, 0.8561798037322579, 193.19148339771408, 2.374172116467057, 366.80909254511664, 0.46903193380142527, 0.20993197990074064, 225.78244497521334, 29.29052295286486, 217.07113678587743]"
0.0010917806253707826,13.82246565296175,2.1423481782344888e-09,0.2561710196333362,False,False,"[0.5938646710299555, 0.9130688712298012, 192.871910677229, -12.827408661474596, 360.87799656690913, 0.4413138983866163, 0.297186886401993, 229.09079355080925, 21.063827109553273, 223.24270174492503]"
0.0010808628191170747,13.82718508750937,2.223503865835736e-11,0.935665909843071,False,False,"[0.4922761816461385, 0.8699221668235454, 189.87540763611153, -11.160019939842869, 368.44746419957244, 0.44617830821347365, 0.32952515248731923, 226.41064517251647, 24.310376382157074, 216.8665983744718]"
0.001070054190925904,13.82355636770587,5.154567003062797e-10,0.5526940783127956,False,False,"[0.5818075251790016, 0.9002095880709707, 194.23721457070204, -6.280889453767384, 369.9368279749724, 0.47574998378799604, 0.2743821928424619, 229.38779323588915, 34.90026227560686, 220.26015037574962]"
0.001059353649016645,13.851046681980563,2.2304805618408717e-21,0.3470683703204782,False,False,"[0.5734006282313802, 0.833919344205309, 190.94601695388405, -1.8477392285043068, 361.1644696114487, 0.40692665963521796, 0.32424984245048327, 231.3123455802888, 36.31559079173138, 223.19656816799272]"
0.0010487601125264785,13.845282813650833,3.362252509473041e-19,0.25142257824673697,False,False,"[0.5872885837863515, 0.8535435520969136, 190.26476244859447, -10.37083274710663, 361.17843205841746, 0.4564414563155015, 0.3218435188503874, 225.4926422466985, 20.816210765498475, 219.82314250751594]"
0.0010382725114012137,13.82010435219558,7.444225087362109e-09,0.5012750885834081,False,False,"[0.5429474973160372, 0.9082394165199853, 190.74078468925669, -7.214715457123937, 366.2149511683544, 0.4697868617083955, 0.2010083964697214, 234.21557754817434, 25.271318018789493, 219.82118376153068]"
0.0010278897862872015,13.83590088544006,1.3047028003860904e-15,0.2864833512982856,False,False,"[0.48844582141300275, 0.8537472801020279, 193.67776799973427, 2.892201284918964, 369.2397533658974, 0.3685104548399575, 0.25685339587913775, 230.2654648748463, 25.55701090248222, 220.42263606241931]"
0.0010176108884243295,13.856389156994403,1.664212400153375e-24,0.09809893730838204,False,False,"[0.5374536840255101, 0.8481180181548365, 195.89893719364082, -4.81976506342219, 365.04743358920473, 0.4522560146507921, 0.2066729078327461, 231.61651178571213, 29.512585960628343, 217.95495072749245]"
0.001007434779540086,13.838829718989448,3.553914799670296e-17,0.27170461164489557,False,False,"[0.4329392486346755, 0.8606903248690763, 188.9229994684249, -12.479486096741002, 362.1435889021098, 0.4801818431480067, 0.19330509153140335, 228.125066456012, 17.334512140103413, 217.5495931291003]"
0.0009973604317446852,13.838294534964243,4.145673907440727e-17,0.611468880896255,False,False,"[0.5482849648073205, 0.861643167973098, 187.14777200988075, -4.817718495297114, 366.89507645761296, 0.47441637999183484, 0.33486392408703414, 227.7738697000498, 28.737996988457255, 224.5638406126995]"
0.0009873868274272383,13.853731818242125,4.593527223215321e-24,0.08464711924415147,False,False,"[0.5544430048510777, 0.8380768355228376, 190.88220896560628, 1.38933501170247, 368.8552957883637, 0.34156901075222385, 0.18190095576740783, 233.29639516190187, 19.912301627225112, 225.63388666622836]"
0.0009775129591529659,13.832294386489016,8.927765328526237e-15,0.5736853335276628,False,False,"[0.4155717127301106, 0.8935079015353292, 188.79614908770608, -3.9060894283119785, 364.23585933909465, 0.48008096752883156, 0.3074640311514844, 230.4868518283072, 20.86165901869158, 223.38435522140645]"
0.0009677378295614362,13.822008795108673,2.6590434053265627e-10,0.03155397752198119,False,False,"[0.46360210537351515, 0.8926103846761053, 188.84960020169265, -10.941152778741383, 367.8133506074221, 0.3818138722886413, 0.3254340333568473, 229.34162363008397, 27.069238495995712, 221.7088406950691]"
0.0009580604512658219,13.808198297429835,0.00038760194472592363,0.6262022783374879,False,False,"[0.5670170848700106, 0.917273317856882, 191.63467046994285, -11.204921099216019, 366.61099016487856, 0.3397464875503235, 0.23863034799738578, 229.11271785260104, 35.76136866880822, 216.770058820423]"
0.0009484798467531636,13.821600504014548,2.613718688878684e-10,0.5260676489778856,False,False,"[0.44347580489059135, 0.9010682893817374, 196.4763260442921, -12.871011813623635, 366.2669801603212, 0.4120795282194724, 0.37032869574566335, 233.75800199016535, 30.242961353599206, 220.5763321884085]"
0.000938995048285632,13.839642780058425,9.456548405317298e-19,0.5157672932275116,False,False,"[0.47935103519513933, 0.846908166774865, 191.18551349523824, -11.410843475506374, 368.7002575379406, 0.339804368666469, 0.3341983310648299, 229.1099251796183, 30.505756665187164, 223.13077939577005]"
0.0009296050978027757,13.853631425039815,1.8131365842659927e-25,0.29049883683481814,False,False,"[0.4227892559078581, 0.8412357760908862, 186.91442526793756, -6.431460450551316, 368.5176335176018, 0.39095090289895335, 0.36109192164910964, 230.35285835319155, 24.080271125178562, 221.74760257336018]"
0.0009203090468247479,13.811557228499161,7.300597546295188e-06,0.7668221660517335,False,False,"[0.47194026934961675, 0.9225733465804596, 191.11000856480436, -6.7927279119639765, 365.19362084542945, 0.31899388281360497, 0.3646058233710393, 231.73191654417676, 23.72645462052811, 216.22802331766775]"
0.0009111059563565003,13.844057892656558,2.086733387411953e-21,0.09694039066864812,False,False,"[0.45744608675306886, 0.8459461091933687, 194.71763316743193, -4.874018577502963, 361.38791883220097, 0.43265311766706677, 0.31468967569636996, 232.80780823021647, 21.177745434778508, 225.69917808542684]"
0.0009019948967929353,13.836768461354307,4.171613538425181e-18,0.8202148718601396,False,False,"[0.4204468065606062, 0.8811161679317097, 192.60130683547646, -0.1737620314878372, 364.1231828425103, 0.4735460494124337, 0.3719499433457747, 232.76884145472133, 28.538069961207714, 225.25590093770464]"
0.0008929749478250059,13.823865304634886,5.2498359511287246e-12,0.36910634447341106,False,False,"[0.5678809620417314, 0.8942225666287351, 189.9080739738875, -10.48890939643898, 365.37533864105006, 0.47980059888351234, 0.26610552957758504, 225.28376809425163, 28.89926735187614, 222.9435350801293]"
0.0008840451983467559,13.838328177992812,3.171043523698671e-19,0.40152051145333423,False,False,"[0.5052198053508719, 0.8812942054286865, 189.8430138251897, -0.8377476748296742, 361.5017358260531, 0.3878805596283208, 0.2956111508162582, 234.253111364981, 31.62074019211312, 221.17326028024794]"
0.0008752047463632883,13.849141778097486,8.880067920848428e-25,0.4402040919696435,False,False,"[0.4131981651905451, 0.8620579125544365, 193.32733811137868, -6.318811533345273, 369.70328113925655, 0.2998311702493625, 0.3372672307139567, 227.21242991977573, 23.78125424553494, 224.4662861525615]"
0.0008664526988996555,13.81958869678616,3.2994659723843704e-10,0.248209649598628,False,False,"[0.5199009441822937, 0.8877738425811198, 190.2530265282047, -7.958143069685939, 363.77540649506597, 0.3215044074774302, 0.21399925390342228, 231.35866801760218, 34.75020567738118, 219.62398976746368]"
0.000857788171910659,13.851919510423933,1.1316645736973273e-26,0.11510404084455095,False,False,"[0.4250907154535766, 0.83294964555944, 191.77843379262796, -7.4120037761074515, 363.17896123582676, 0.31425651706812197, 0.25919637084761304, 227.00646932322738, 25.851454028625906, 225.34887962491888]"
0.0008492102901915523,13.857141695540943,1.3211657577797842e-29,0.5832446302688902,False,False,"[0.4617804719127326, 0.8340542343653915, 196.76377096575246, 1.4422086008483346, 368.43832007765, 0.48819603104583864, 0.21642256340964305, 229.7912909706002, 21.555951036215205, 215.89778712302694]"
0.0008407181872896368,13.850554754593178,1.7056998908896986e-26,0.5417462597496434,False,False,"[0.4439842813879918, 0.8296366454179798, 192.4268009588206, -4.026771726489861, 369.0565090725764, 0.464329813117638, 0.20017386697125564, 228.27320101855256, 28.636333362462924, 219.08425145840124]"
0.0008323110054167404,13.813254342351417,2.7210209248803786e-07,0.7301515858576294,False,False,"[0.4672490316313776, 0.9019611345758711, 191.90066211625503, -9.146550291249365, 366.4136159037997, 0.300685587613111, 0.25835106751306797, 230.7938617777069, 27.1773700823653, 217.08811215034666]"
0.0008239878953625729,13.823406915420788,1.0407794760756781e-12,0.21184358516450286,False,False,"[0.5133905282837478, 0.8816186508058353, 187.97090232888826, -0.9235534575666522, 365.79085183382335, 0.4719579373119246, 0.2846814410948165, 229.73353433514887, 36.208753416861754, 220.30017696208137]"
0.0008157480164089472,13.81506149352716,2.184362366221572e-08,0.9068295281725102,False,False,"[0.4505538507550747, 0.908436919772646, 191.2781221666152, -1.689841559812515, 367.94708003783586, 0.4427949951247878, 0.3341250984205525, 233.9346381233806, 23.38226428951441, 218.65992715469173]"
0.0008075905362448577,13.81572881478006,7.999846481584421e-09,0.9815436629860175,False,False,"[0.44976397263737405, 0.9015832847543896, 194.79145487596347, -5.723203126151975, 365.1928145704249, 0.3597887928793997, 0.3280576513094372, 225.71755483262223, 28.616342524257057, 221.27590787421744]"
0.0007995146308824091,13.838467620496445,2.948685081918566e-21,0.5288376070391217,False,False,"[0.5575912004139051, 0.8570291225555517, 191.61437363359985, 0.08574104063621579, 365.59163906725087, 0.3154885678192648, 0.2991361784863521, 230.34905288552233, 32.851969890568455, 221.7167412457045]"
0.000791519484573585,13.82541256445052,2.6629189825569478e-14,0.5800710542424188,False,False,"[0.48636777831086175, 0.8775454589894482, 195.57665814921464, -8.125258955947071, 368.2357811017507, 0.47015837855538617, 0.37403285429712446, 230.83402143498273, 34.3368427489812, 220.64014876689302]"
0.0007836042897278492,13.840675859107243,6.743940265284129e-23,0.8434680219011497,False,False,"[0.5346162347685901, 0.8419554886794803, 195.12107848027665, -5.009947005261933, 370.3831661404826, 0.44120454947544874, 0.1794324251068029, 227.39948647507296, 26.35842984704644, 222.7025836984583]"
0.0007757682468305707,13.830981605843451,1.0765866017609645e-17,0.11375632994668361,False,False,"[0.44092569158283584, 0.8769046695995837, 193.97257472548762, -14.555357154166689, 369.6277387523971, 0.38307207323352854, 0.3434258419653, 226.38683161878635, 36.45778114367425, 224.5572818262179]"
0.000768010564362265,13.845804380709573,3.0107544913201244e-26,0.922533854051908,False,False,"[0.5642205766920676, 0.841063458959092, 189.43303335095277, -9.33217830569169, 361.58058295715733, 0.4089483554143273, 0.19527427210676435, 234.59494807379556, 25.135430412102995, 216.69164936834014]"
0.0007603304587186423,13.85585224006239,3.0313065788110483e-32,0.8730695238229301,False,False,"[0.5375008091596791, 0.8282827717625411, 193.8177333411434, -14.650033876805676, 370.577808469349, 0.3395545166572945, 0.3191632937043434, 233.23256812847697, 21.422797543550352, 222.67483697345668]"
0.0007527271541314559,13.858652990021442,3.5264520576533593e-34,0.23300538276464722,False,False,"[0.42135833353933244, 0.8333839890885438, 196.6605150821256, -14.259300718124909, 365.77227388484, 0.39868487260108415, 0.21472955546341518, 233.37426828744304, 30.41141061359027, 221.11526603689563]"
0.0007451998825901413,13.860614009942136,1.1656575339395562e-35,0.897484274545673,False,False,"[0.4502144173370703, 0.9133668751973516, 195.67659291281586, -14.435424385087817, 370.2274191439626, 0.45582653046235744, 0.3070057793701015, 232.00080109379488, 17.577750922283812, 225.08055211326916]"
0.0007377478837642398,13.803301494456008,0.028327685764048333,0.9866249790979301,False,False,"[0.46581690793118957, 0.9189420635223786, 196.47146067494282, -11.515241213793978, 367.5849264393996, 0.31116286609254357, 0.20045450535802758, 226.7588856767332, 30.422397459581568, 219.44859691383164]"
0.0007303704049265974,13.807049427710595,0.0001614256038707385,0.6820759887827667,False,False,"[0.47737335558220984, 0.9143137358568136, 187.29377936526396, -0.3442312425188172, 364.00252409973064, 0.31222725350497216, 0.1951416020335861, 227.89878298173033, 23.944045949628823, 217.87304317675114]"
0.0007230667008773314,13.808508021171725,1.966057793330962e-05,0.5730533720571538,False,False,"[0.44617754599797077, 0.9247643162690236, 195.92346247194965, -11.672161038052455, 364.55445065952614, 0.36100055468873155, 0.2335712658503737, 231.37281170652597, 23.351374579404087, 224.2818739489658]"
0.0007158360338685581,13.807854425566376,4.3912720557553764e-05,0.7552909907057871,False,False,"[0.5105242372312531, 0.9086038896329504, 192.40354078775465, 3.489656838749979, 366.7571762096656, 0.3835556710031961, 0.2435286957310891, 225.21468348147255, 26.060070461881363, 221.02772619178495]"
0.0007086776735298725,13.803325711866371,0.023652619292920667,0.7486917103922709,False,False,"[0.5352993456832587, 0.9261962095899745, 190.6170515454421, -9.904981629876154, 364.2288092511546, 0.41820775103209157, 0.3679794874406045, 229.88084416658216, 27.30075671414754, 224.9562703571894]"
0.0007015908967945738,13.852415916371658,9.33119592870098e-33,0.715564227363809,False,False,"[0.42335976312518286, 0.8698305839628544, 195.37206026994457, -5.743496818223538, 363.76338765770765, 0.4037199942066197, 0.18574398301063014, 233.9721178201665, 22.766721151801598, 220.24645722458794]"
0.0006945749878266281,13.852203196550215,6.0173864406912384e-33,0.41631756278355103,False,False,"[0.5879620063900786, 0.8377978187967527, 192.30982257717062, -3.9793928441912003, 361.9517020660681, 0.2995671000619666, 0.18901983655484095, 232.62726851502438, 16.899005741898122, 218.75694595489833]"
0.0006876292379483618,13.81866777586434,4.3085068268840226e-12,0.7423863778964583,False,False,"[0.48582858585243116, 0.891742542644072, 191.86441719534582, -6.410565452298887, 366.0608828458765, 0.303004697821759, 0.3696144257155811, 231.82355643001893, 19.086332819423287, 218.58586695710406]"
0.0006807529455688782,13.802351514075688,0.08485478148706918,0.8693584372897466,False,False,"[0.5330796156070764, 0.9254606584413383, 188.92629561956807, 0.5215443416704089, 362.00943996743706, 0.39526663450628735, 0.228476936568452, 226.85978304311988, 19.47864549752645, 223.78094982483577]"
0.0006739454161131894,13.817440442086141,1.564800059586498e-11,0.3938711153572392,False,False,"[0.5783107691657223, 0.916011728175172, 196.70360274395, -6.976683161635964, 360.9214112538631, 0.4826947504581748, 0.3327041227394938, 225.6747917397517, 27.293723601199225, 225.42201190767804]"
0.0006672059619520574,13.842151705089304,1.0008662026623287e-27,0.5216375965860831,False,False,"[0.5444652035059019, 0.8458723011036052, 190.47886756682374, -1.82789340607495, 366.2481331119622, 0.3786698745695347, 0.24815326188711953, 230.5194154820403, 28.817325535502555, 222.29941275544468]"
0.0006605339023325369,13.826799092341986,6.635031434752193e-18,0.012868352114445702,False,False,"[0.4479187977154212, 0.8845680158995456, 193.80885386759178, 4.691066403885368, 368.714378139152, 0.42975302460635456, 0.2621321717780213, 234.27110899452305, 22.099603189839176, 219.14283961272167]"
0.0006539285633092115,13.831988680723583,1.591320772951413e-21,0.2714597504520738,False,False,"[0.43734858946338595, 0.8820813382273666, 188.39918733161966, -4.128529847536307, 363.18662374991726, 0.41236737472040924, 0.21262053339523895, 233.3027550594998, 31.56933272585333, 223.9180790927503]"
0.0006473892776761194,13.823747107832217,3.314739767089e-16,0.5864903984690046,False,False,"[0.4788515325476919, 0.8792372726131769, 188.25840702933442, 4.761323740146557, 362.29819214761903, 0.34660197990690905, 0.20405027194451736, 230.9865235147757, 35.30637703495313, 216.3437550079083]"
0.0006409153848993582,13.808928514634552,2.543345272957173e-06,0.20012639105271812,False,False,"[0.5087560183990132, 0.9048697361539368, 193.54193485261456, -0.47740155858349187, 369.4007925948433, 0.46106806056698957, 0.25882029890547553, 225.64039629300007, 32.19142518090944, 219.41697819077484]"
0.0006345062310503646,13.810616063738527,1.562548412796046e-07,0.8250605029356617,False,False,"[0.5523077725646566, 0.9149339389780351, 191.95999638668758, -3.791834032666153, 363.588830693089, 0.4300346535655345, 0.32215144894235237, 234.506880902882, 29.532183690646505, 217.99309792200162]"
0.0006281611687398609,13.840034225429104,6.111160359491904e-28,0.35460276247388767,False,False,"[0.5139473956287619, 0.8500742419764893, 190.80751687302606, -6.454417530482279, 366.3046544702608, 0.3111072813159056, 0.27872147322601337, 226.07574257178413, 17.448347472492827, 224.68334046334263]"
0.0006218795570524622,13.84854817775954,3.676634335412461e-34,0.07890592791842277,False,False,"[0.41031488166047037, 0.849424727214846, 188.47069570349478, 5.2825682710584685, 369.35668581575317, 0.315156227209207, 0.224510120526476, 230.42079422809087, 23.081690311160603, 218.12316396743367]"
0.0006156607614819376,13.8434768991489,6.383640832829163e-31,0.2697144845783105,False,False,"[0.4799005180617185, 0.8304162956785128, 188.60108891315164, -12.484148103411318, 364.89908208259084, 0.40889814917471146, 0.30912003851093117, 226.81783449001975, 31.051038154124413, 217.19700963124785]"
0.0006095041538671182,13.822050417607178,5.851103350540372e-16,0.08127502826933419,False,False,"[0.5389730247690303, 0.8952744736064906, 189.35290719720754, -12.307768140177757, 368.37002749612293, 0.3618085719619122, 0.20650689528782895, 233.93016889222227, 32.02460775183428, 218.04920532247397]"
0.0006034091123284471,13.831228716511676,1.0172581839729121e-22,0.30601511349863053,False,False,"[0.4635744502529526, 0.9244897756647562, 187.75142262043562, -13.686776512768041, 367.4695703915786, 0.47735633613097894, 0.3252109536391845, 230.86418197460907, 26.559799190296893, 219.74605903592314]"
0.0005973750212051626,13.816056514957577,6.539532930878658e-12,0.833864584748926,False,False,"[0.46503141221551936, 0.8993249831382137, 189.71798589387328, -4.1027507449570555, 363.2845786165756, 0.35561885061614795, 0.21315807721827218, 232.8954253683087, 21.179418790793566, 217.13618942199125]"
0.000591401270993111,13.834858141289002,7.863778435172497e-26,0.1412614618538226,False,False,"[0.4759044093967522, 0.8568877689200989, 195.60223180357175, -8.251209449482499, 360.89072294811194, 0.3358070718723227, 0.342672457893638, 229.34954147814958, 20.373010896857867, 222.008332382742]"
0.0005854872582831799,13.839847536940818,8.731487575287138e-30,0.7384931523115096,False,False,"[0.3983448390262137, 0.8875738300191249, 194.86421903729894, -2.9718719849218074, 370.0050415347056, 0.36523625405670024, 0.31257027154548234, 231.54796370740794, 30.131731972375636, 225.2950745665369]"
0.000579632385700348,13.821520855885105,2.393233768333561e-16,0.7954528679412047,False,False,"[0.40844465355596493, 0.9227279119411063, 196.42346655437805, -12.225333744543313, 368.3580275738624, 0.49029379129899464, 0.2512731661543425, 233.25784319181665, 32.95555425769198, 217.09615362475068]"
0.0005738360618433446,13.813736575096021,1.2958329719827299e-10,0.07447878775934846,False,False,"[0.4456822371633809, 0.910213990887242, 188.439210416933, 0.08459809201238944, 363.53067469740176, 0.40881824117447385, 0.3052629586426491, 230.0160721084637, 36.193085414221414, 222.87950852051205]"
0.0005680977012249111,13.833991735513834,3.374299489130952e-26,0.1725672341565948,False,False,"[0.456795983587233, 0.862479492403485, 188.55743100533118, -8.73244661405241, 366.8724465020501, 0.49704527739628923, 0.3297706196425487, 228.89465444281439, 25.784865114971787, 215.7949539322869]"
0.000562416724212662,13.813225498881367,2.0250856703998207e-10,0.5188178427955631,False,False,"[0.5006034142807222, 0.8978024071649572, 196.50089220415188, 4.479882924872615, 366.46904952955003, 0.3337853043076022, 0.2609579019207493, 226.1303839773176, 25.9737069304239, 221.22157064757377]"
0.0005567925569705354,13.819100244818141,4.229276000357406e-15,0.515973179135862,False,False,"[0.400527848488853, 0.9264473289537428, 196.76311744144115, -3.947383942506968, 369.9861568351248, 0.3890121009942278, 0.25099065423419314, 234.7420836089899, 17.126282015690318, 217.75409114305725]"
0.0005512246314008301,13.821221225827106,6.456767292702014e-17,0.8089786189716387,False,False,"[0.48026694631625155, 0.8822406618974937, 191.79383218533584, -10.42670746172953, 362.71558750033347, 0.3921943378459623, 0.28533030472160414, 226.2438520305517, 29.970437503558824, 219.1823520954163]"
0.0005457123850868218,13.826304689570435,3.9893778423743325e-21,0.38405798220295406,False,False,"[0.5552094028546007, 0.8832254412131504, 191.91227912749048, -12.232125673589419, 368.0628602410528, 0.4355420557521318, 0.21345381690229737, 228.78578721232304, 18.885013738220735, 220.1964403517127]"
0.0005402552612359536,13.816439696163727,2.113569607437696e-13,0.17330261814757997,False,False,"[0.45622275609172336, 0.9107432030809264, 194.68378731596405, 0.10299678310648996, 370.31863806395575, 0.42706478450419727, 0.22246161182259538, 227.30482161294833, 36.101632751346486, 222.2838059483827]"
0.000534852708623594,13.84841118206711,1.7238266550188503e-39,0.10175315855027633,False,False,"[0.42752181586443516, 0.8416037278909426, 189.22189856604376, -11.621541727821821, 369.6874955977636, 0.4489890539831226, 0.2647689435980806, 232.80057577820224, 33.36744384173461, 217.86830098988622]"
0.000529504181537358,13.827606517609969,8.104725978015652e-23,0.25347027270644684,False,False,"[0.4119342890710541, 0.9012616434905406, 195.98583970764244, 1.6214245013065023, 361.19106799640207, 0.3047816626223868, 0.28040535930978105, 230.43694034215397, 20.952134682627594, 225.45499961345445]"
0.0005242091397219845,13.850308397295784,7.54468079001294e-42,0.11631473232990308,False,False,"[0.5540694960996639, 0.8318114935219494, 189.02356369786654, -7.453417460602596, 368.5332815549855, 0.33204964273715587, 0.20883925410062554, 229.99179686186918, 30.81198163129604, 225.05571242804052]"
0.0005189670483247646,13.837083743680203,3.3824865495492457e-31,0.6411652949432737,False,False,"[0.5080638751794168, 0.8477871836473145, 189.40082971983017, -1.309653079718898, 368.8435513537817, 0.40911637000425405, 0.18537251087334553, 226.39464779613607, 20.477243171954857, 219.72163913607096]"
0.000513777377841517,13.848910888979429,1.6749429218149047e-41,0.32481441951987466,False,False,"[0.48006069040050614, 0.88273076919629, 188.80613062984762, -4.111253286985218, 364.0432349748601, 0.47770187965565447, 0.3239349722424866, 227.9153175533523, 23.627255208949407, 217.99489321954044]"
0.0005086396040631018,13.819686543924938,5.819699302288586e-17,0.4894724822755071,False,False,"[0.4666012326983367, 0.8932996280832971, 196.2207419129475, 0.03296004709921352, 367.5617180189465, 0.38798784118179125, 0.33683650469948173, 229.44880708398853, 25.05816945079944, 222.6241890078004]"
0.0005035532080224708,13.81351010254556,8.469212986175093e-12,0.21825665982989928,False,False,"[0.5802062208963892, 0.9247310767575944, 193.27577532533903, -5.205034500330405, 369.0856336519903, 0.46936378844082693, 0.1784294160685457, 228.3166708797676, 24.629545307012744, 220.29147507137887]"
0.000498517675942246,13.837338678294131,1.1408346097625154e-32,0.29688298907246813,False,False,"[0.4730331668309101, 0.8494675711129456, 192.58521518284527, -8.248261470577251, 364.38513894330356, 0.47880199027925163, 0.37547125409021886, 225.32710307452896, 36.318630752635706, 222.58427096784553]"
0.0004935324991828236,13.86346801512353,5.514414217424329e-56,0.7553554935951629,False,False,"[0.526349824654355, 0.8506613305829456, 188.3547003886996, 2.9077444935853967, 367.21599960881196, 0.44872787100728145, 0.20336580591793463, 231.98607012589292, 21.355507690731933, 219.27673645832448]"
0.0004885971741909954,13.843111773307632,1.893135567723347e-38,0.5126039550622407,False,False,"[0.4658886456813699, 0.8354021801714158, 194.9956926682941, 4.874323961090869, 370.4780154205204, 0.312379439593221, 0.186784800168187, 233.46979226484635, 22.576940432976592, 217.15604043984834]"
0.00048371120244908544,13.820147344006521,3.2695585913115316e-18,0.527948413056537,False,False,"[0.5269444034199438, 0.8888046327731501, 191.29189582356355, -12.470391530640104, 361.68452759483404, 0.3053917602676144, 0.27503719859494336, 234.81575462995357, 26.573903222925008, 217.28007985979838]"
0.0004788740904245946,13.81342113814355,2.741031544189207e-12,0.9106315691952538,False,False,"[0.5642838590450987, 0.9104838123175114, 194.818266488258, -9.872819368558307, 365.44148718065077, 0.4632785414877846, 0.2537827567847387, 229.96611179282013, 34.295548657211455, 220.94624717556093]"
0.00047408534952034866,13.849261317240902,3.0837507442756763e-45,0.24712012626672886,False,False,"[0.5601931940800566, 0.8333729002095173, 193.7020285244936, 2.852339042950976, 368.2204031640239, 0.4053711440298957, 0.3088637449665974, 232.6869074856392, 30.09924829947215, 220.7696390844279]"
0.0004693444960251452,13.839769305309314,6.647147050501045e-37,0.930324369007809,False,False,"[0.4760061583430407, 0.8446984009732564, 193.7860694507237, -6.936230290890322, 362.6657457489853, 0.3332258273873248, 0.2993687372106876, 233.66336353936003, 19.059585451414854, 217.41010700622823]"
0.0004646510510648937,13.842733396974022,4.861448027047642e-40,0.45272347522736145,False,False,"[0.5352465644191803, 0.8381756827833687, 195.54270883115393, -13.92484092351442, 362.98855475334636, 0.3057578239473203, 0.232665789349233, 231.47511331985427, 23.310423750160524, 221.7564347122244]"
0.0004600045405542448,13.848322971300515,1.0291867164304433e-45,0.2396706740273783,False,False,"[0.41621279158221486, 0.856884270322097, 190.52826328375272, -11.845840911747374, 369.04658009851215, 0.343179945633394, 0.34299596640622976, 234.5498690485016, 20.40458884543154, 220.96835250004244]"
0.00045540449514870233,13.836923807239188,2.6843385844444186e-35,0.5892208121026643,False,False,"[0.4863589964337759, 0.8513184585475368, 191.00544895038183, -10.36178721290188, 365.0278083358111, 0.4037501763232713, 0.1881328380463036, 231.56397973393976, 28.420260523921442, 219.99739347400012]"
0.0004508504501972153,13.80581405154529,1.1142638723608246e-05,0.6442330062246504,False,False,"[0.4618891217089685, 0.9208817436860485, 194.00469395809387, -1.1999688402549227, 364.1621911352713, 0.44417686561201464, 0.23199211025802538, 225.9172776629032, 16.551015002337145, 225.51952171318777]"
0.00044634194569524315,13.852807358416188,1.8709976711140446e-51,0.6451156465981073,False,False,"[0.41437214003947664, 0.842510269114564, 190.31646607989308, -6.986781590546173, 369.6297102067551, 0.48876711270155915, 0.18411896281925239, 233.98027699879523, 22.997474246114493, 220.6778045388819]"
0.0004418785262382907,13.80159819379411,0.12300479322979178,0.1062801619966679,True,False,"[0.5222576858642003, 0.9262968934009701, 191.51170799066395, 1.4331817728607232, 365.2962199976822, 0.30781031858372815, 0.25363864148071835, 230.29219399712366, 21.377643293105315, 222.6426332751608]"
0.0004374597409759078,13.820890317024453,7.038267524582714e-20,0.14550182708051196,False,False,"[0.5273523116155159, 0.8910503754714681, 187.9749106934891, 2.90579315083692, 367.8246068671848, 0.22361308433284427, 0.2402915398378933, 231.95653248580993, 27.384736153864576, 221.85506016882925]"
0.0004330851435661487,13.831629564786684,7.669552146834908e-31,0.6144987498772995,False,False,"[0.618861512204578, 0.92421623771243, 190.03697339162812, 5.477891612291185, 368.6065493051975, 0.2836481110666581, 0.2774892636347255, 228.93527554203334, 19.55969765024402, 222.42900923168287]"
0.0004287542921304872,13.866157721027601,4.0388770584009815e-66,0.384609079149279,False,False,"[0.43336857416296576, 0.861667179859994, 192.92776323113824, 1.5547736730357586, 361.44207724783956, 0.3390271156159075, 0.34201909053256596, 234.7422641619415, 22.748850206842093, 221.60277971355396]"
0.00042446674920918235,13.850156262814806,2.0780683319069178e-50,0.28989870205673485,False,False,"[0.4462485593000179, 0.8308669594379516, 189.94639812826486, -1.2662451472014702, 360.80881967811206, 0.3068865881701227, 0.22919390455053082, 230.38821339400755, 30.40939911749056, 226.79767525904364]"
0.00042022208171709055,13.852116513195698,6.164853264168717e-53,0.5371387465166808,False,False,"[0.5982664456803962, 0.8416476127552908, 195.91025366286695, 7.9542205604953855, 365.97844972191837, 0.30899013787532126, 0.35292968390760926, 225.48624097780592, 23.58253182520521, 222.38795437687]"
0.00041601986089991966,13.802866160554455,0.0474607840509413,0.760294798418869,False,False,"[0.45617786661909987, 0.926414703906551, 191.71990149471904, 3.9457866879398287, 368.1445359563139, 0.3328840297279277, 0.20355942874440883, 235.15239091508906, 23.326146989582327, 217.68443805589936]"
0.00041185966229092044,13.846987250718124,1.375657618042842e-48,0.5251481832136922,False,False,"[0.4645923855802187, 0.8674233213165956, 190.01198602544022, 5.205258134568997, 365.3270303140638, 0.4025066774017225, 0.18011921733790776, 232.46419485783775, 20.6504544994214, 221.6417235797537]"
0.0004077410656680112,14.056649826594352,2.1806220909756205e-272,0.30716765445967886,False,False,"[0.4449594028292854, 0.8565747200654432, 190.45353919339072, 3.268709625348394, 367.4173074109536, 0.37836971666764846, 0.33027012306791437, 226.24866779800834, 27.130013352516883, 226.7921923768569]"
0.0004036636550113311,13.83791437054275,8.473780303604724e-40,0.8558633068685063,False,False,"[0.5118050609784089, 0.857654090563141, 192.72431645120216, 7.833922318557437, 362.259045198183, 0.2545312608464091, 0.3203143995396812, 231.3161206934693, 15.758814213425431, 225.06553513918087]"
0.0003996270184612178,13.844393238813302,3.108165567506473e-47,0.0778776821244328,False,False,"[0.5263209249581632, 0.8438413887024234, 189.9215960952313, 8.80270853712003, 369.1464864171489, 0.2788272355111514, 0.16130352548154142, 234.1661476846107, 15.408137466075777, 225.33047205062516]"
0.0003956307482766056,13.839058433496529,7.566417790385399e-42,0.19206856833551467,False,False,"[0.5245155622361906, 0.8522530898098495, 191.85410965343587, 2.400442572799668, 361.084715650318, 0.2675361680952133, 0.2155920818265267, 234.7130725082182, 12.214738589956847, 221.84201178089614]"
0.00039167444079383953,13.810744709233628,7.214509180274582e-11,0.19293422071302724,False,False,"[0.5240201605521814, 0.9096948073187985, 187.55407500002434, 1.068649792959298, 360.8334914950859, 0.2230460839385695, 0.18324541590368237, 232.8997017905958, 27.33978066366197, 222.36820275393546]"
0.0003877576963859011,13.84302695788093,3.973360049825008e-47,0.03937434934743289,False,False,"[0.43256957384644035, 0.8615211427977825, 193.12820287447568, -7.248392318407974, 368.6835015206515, 0.3539021099747013, 0.1694374506363827, 225.4661035575859, 20.999963525128678, 224.3407701870003]"
0.0003838801194220421,13.845279680253777,3.818508353709381e-50,0.883923024535074,False,False,"[0.5843685406129875, 0.8635683533390514, 192.67328151008496, 8.403616868616755, 367.58335337440934, 0.2094815770089368, 0.2855853022133048, 232.61785452767006, 11.930646769592762, 224.76992410639065]"
0.00038004131822782166,13.83988671363538,1.760214954053468e-44,0.06659671125849309,False,False,"[0.5037462622855019, 0.848989723451793, 189.8318452293736, 3.7892369484211477, 370.19986290327483, 0.24947363039996173, 0.2083004018845168, 227.50193367756782, 17.61704867836842, 227.28237520501025]"
0.00037624090504554346,13.837095075403239,1.0616633020168873e-41,0.3252159699041566,False,False,"[0.5368880614356367, 0.8639717170854296, 187.33395449838594, -2.4280182035226145, 367.0933363507518, 0.23113890113218133, 0.20415248645392825, 232.89819470228912, 15.10903072428184, 225.88390822245597]"
0.000372478495995088,13.846257703034766,8.489145646153143e-53,0.9350084734888732,False,False,"[0.4526625626129762, 0.8369501554176898, 192.1762315703275, 11.148216328687191, 367.1776671406004, 0.3900488714107, 0.33448187029762716, 232.92016323574285, 12.941353675714726, 218.41425150918673]"
0.00036875371103513717,13.84972574282443,2.0818909066382764e-57,0.9734386268266363,False,False,"[0.6107998063079452, 0.8732811378031039, 187.2778981866376, -3.506226336710734, 365.937023847882, 0.2971422054551619, 0.332655742462986, 225.54672343597366, 28.539357679301656, 224.75468781012447]"
0.0003650661739247858,13.82293329819192,4.159800008641462e-26,0.7796881915372899,False,False,"[0.5035730566605263, 0.8916301273576767, 187.61269630890857, -8.0982612437675, 360.6466750018654, 0.29982349043223444, 0.29313229236171234, 229.13033276440973, 20.939324381253225, 222.379897740122]"
0.00036141551218553793,13.858000746300979,1.6747341079897182e-68,0.22249338870160207,False,False,"[0.4613975670549475, 0.8656751743875725, 187.94443700535032, 3.9467630107188105, 363.991180877763, 0.25698438781942, 0.3283163807317807, 227.42134761164849, 27.406228669846357, 224.81974576911892]"
0.00035780135706368253,13.802020864134729,0.30687988097910857,0.9431837518661391,False,False,"[0.5185995549224646, 0.9277999156703953, 192.0907063819153, 2.0652114291932397, 369.48590229732383, 0.22505931836321402, 0.2744337830286952, 227.67573425792227, 26.066460460323444, 218.95256905091554]"
0.0003542233434930457,13.84826983690133,6.003024299683364e-58,0.18518583525918753,False,False,"[0.6044395340584661, 0.8683225462901522, 191.31951447044972, 3.69586470605267, 367.2355888398616, 0.2861525741332794, 0.3383003960979792, 233.67550462970704, 26.05849325399018, 220.94517874110952]"
0.0003506811100581153,13.808044000518663,1.0406647673480246e-08,0.669413530656349,False,False,"[0.5448901554784066, 0.9214831772512595, 195.20498921678106, 7.359298376973466, 364.6497060527751, 0.28655555296899965, 0.24030015927821338, 233.00525942449107, 28.466942863873907, 225.03864875118487]"
0.00034717429895753414,13.809169352689443,3.380093595951504e-10,0.2964412973453834,False,False,"[0.5008842069448751, 0.9083555086136981, 190.08069003554985, 8.20350433592683, 362.9951781781387, 0.28402865168317537, 0.30444559063909804, 227.96157319655592, 18.34797331207367, 220.69028404742863]"
0.0003437025559679588,13.863011000740551,2.513151679818991e-78,0.9468788996728513,False,False,"[0.4821009863947989, 0.8306428442248714, 189.36424642061715, -2.1295853003331304, 363.1357462613163, 0.3136126686578148, 0.16650866072771675, 231.73803871174505, 21.95381141627664, 225.37366521877433]"
0.00034026553040827917,13.85696103118053,2.1787140135329166e-71,0.535380838984331,False,False,"[0.5191021943216843, 0.8404234966853987, 186.70509639354543, 6.483756127820054, 363.7113642031795, 0.32899268437957363, 0.27511358305196837, 233.42782715850814, 13.729109441643077, 222.97926940385338]"
0.00033686287510419636,13.833768996550734,3.344749722376787e-42,0.8939226032161887,False,False,"[0.5430841577709905, 0.8628811630541258, 191.8454330205574, -7.954959847849822, 365.9788874150295, 0.36308953538018285, 0.1624184742828786, 232.346276274745, 28.86950957664295, 218.7534655628595]"
0.0003334942463531544,13.846458772785743,3.8027330256113637e-59,0.053772540332151175,False,False,"[0.5169970758871423, 0.8327703177310943, 187.96121727454764, -0.01992918841153557, 369.20095687166105, 0.40778758437894197, 0.21230240189245045, 226.27159832904002, 14.750486713473837, 225.70605299153556]"
0.00033015930388962284,13.841300464388816,5.960469813459138e-53,0.6800975600966414,False,False,"[0.6047869515835979, 0.8942781662665623, 194.1166828276693, 6.594877060752542, 365.0595586889662, 0.30983110298710836, 0.17705161610608472, 227.46684802514798, 29.775305768203843, 224.32663000492906]"
0.0003268577108507266,13.829330823141033,1.4183083203122987e-37,0.8529588275422109,False,False,"[0.5729010758481559, 0.8932687211015011, 195.40529686596722, 10.768221651303584, 365.1760199195537, 0.350988492345505, 0.20061241967633928, 233.8169518075429, 23.801669298152664, 222.6618392573897]"
0.00032358913374221933,13.846224279687029,1.2781177320105027e-60,0.9021419696698699,False,False,"[0.4256520554443956, 0.8697457957064567, 188.14975281934565, -1.093265594911359, 362.4263657813179, 0.405624344330365, 0.21281469403928704, 235.18343864688404, 18.64307938063434, 220.28776517868414]"
0.00032035324240479714,13.813537052010801,6.528347956694117e-17,0.09217684211737442,False,False,"[0.541648299255874, 0.9083430073742108, 192.45518275508812, -3.9313138149427855, 368.97518575172495, 0.22602311088294408, 0.342336635270729, 234.73965643700183, 22.822116322531848, 220.41094109659778]"
0.0003171497099807492,13.902982700474166,1.4701413275554144e-139,0.7312642648095669,False,False,"[0.5982732413587752, 0.8383742876494036, 194.2221459089358, 11.054550819117487, 362.93900041651807, 0.2871797394666248, 0.32411056685330164, 233.53408732587147, 26.075731379615505, 227.4145288247166]"
0.0003139782128809417,13.848578126854417,1.0408396938209153e-65,0.6145537685947065,False,False,"[0.556469229093282, 0.8291093485031192, 192.1978434538001, 4.554318725830522, 363.8398905060456, 0.25730980888136845, 0.3242196522478147, 230.5467206878228, 27.77740623643702, 220.75994954424638]"
0.0003108384307521323,13.86891213196155,8.931180518435994e-95,0.8789824350558516,False,False,"[0.5918004359895594, 0.9087551583975938, 194.3884700375967, -1.0728690593323593, 367.4138266074216, 0.31066402892653583, 0.33074080720988497, 231.23519523715106, 29.62144588004437, 224.0728027180246]"
0.00030773004644461094,13.826605329971182,5.103046854064449e-36,0.940293452445854,False,False,"[0.4693203454902807, 0.8805895865690665, 187.7782350978962, 4.718241205955958, 367.8041627405507, 0.22369554624873594, 0.21050082671806752, 233.4877654316466, 30.077542573200418, 222.61942486622598]"
0.00030465274598016483,13.809267694809487,1.1663379219432893e-11,0.797975164144068,False,False,"[0.497311767673101, 0.9111407374033185, 189.42935881845187, -8.091476927338924, 361.34863900481463, 0.21699076896523295, 0.23296173788510405, 231.46148027385, 22.716087048995814, 223.3899306014462]"
0.00030160621852036315,13.853520229159777,1.7196861448755912e-75,0.6551676954516722,False,False,"[0.4874624786925117, 0.8611058777446483, 190.43472424447432, 6.839996224334668, 369.1276635511821, 0.36831538036504774, 0.18212709593027618, 225.96536689918713, 23.55677226847619, 220.06558938311116]"
0.0002985901563351595,13.83010567995885,3.4381849947291275e-42,0.2178733153140473,False,False,"[0.6132424078161747, 0.9252364901951212, 188.64925242123363, 7.314848215077276, 361.38190296046855, 0.2671844015858751, 0.2136804518934444, 232.31437849170496, 16.256680898636745, 225.094338325431]"
0.0002956042547718079,14.068062021696694,0.0,0.37446884927272095,False,False,"[0.5395625272986686, 0.8272127326606787, 191.24829047114824, 3.979891121207724, 361.63702924558834, 0.25555933121431473, 0.21387604837155133, 225.7063095616399, 25.678891973064545, 226.8056438050142]"
0.0002926482122240898,13.824564823356194,8.263534264563449e-35,0.9161626400619891,False,False,"[0.5696711845613261, 0.8968992017551964, 195.84123521695386, 0.33428036237623093, 367.99824185906886, 0.33467095657300405, 0.3324246498414415, 228.85339803505323, 21.947735899221154, 224.14045230823226]"
0.00028972173010184893,13.81273718178781,2.0072208329632185e-17,0.5349184492870226,False,False,"[0.44919173062800066, 0.9155485952099509, 192.6046255132204, 1.1921864721242086, 365.2876109212716, 0.24269021451693584, 0.28685105717228754, 234.05345934580816, 25.487270344536654, 226.29306861224237]"
0.0002868245128008304,13.80493369260431,8.903574757593601e-06,0.4271565759286897,False,False,"[0.54483113965085, 0.9268904710575753, 192.6521318365106, -7.258607277882292, 369.5786597186013, 0.26613073614945126, 0.3267340803554112, 228.25584172464872, 13.99524244450152, 227.57131041955103]"
0.0002839562676728221,13.813872742467748,1.6857634968087464e-19,0.7775335884862512,False,False,"[0.5383926286078254, 0.9173546419658288, 194.95922347305262, -3.0136758536549673, 366.9267942519966, 0.36734459381070705, 0.26707344862230475, 229.35011549096893, 21.310173800786583, 219.47543758205975]"
0.0002811167049960939,13.818055832017075,3.756243116770399e-26,0.20738785920475966,False,False,"[0.5435569728061376, 0.9010503697399814, 187.67452070759384, -0.14569138768666345, 362.1418452285574, 0.3093907875959906, 0.2800549442596041, 230.7693655218953, 23.223704678492908, 223.3635913845635]"
0.0002783055379461329,13.81662840299078,3.5109876350677556e-24,0.5339762272766928,False,False,"[0.5704921645680521, 0.9090228072925572, 189.38100931129068, -4.650078115021688, 366.9416186890254, 0.3358354809544388, 0.22814182126382582, 228.39625209058082, 24.486749122134214, 219.79295076980065]"
0.00027552248256667157,13.838619089003453,4.421020397848561e-59,0.3406542468975098,False,False,"[0.5942850391161063, 0.8830549013588319, 196.04207236923367, 2.7951946902903346, 362.8637775558738, 0.40550496907533773, 0.3402904647852514, 230.07916187675923, 23.129363948299005, 224.93017403115758]"
0.00027276725774100485,13.808907248619146,2.3050031032690563e-12,0.05152203081254392,False,False,"[0.5316377931113838, 0.9143031240733487, 191.5701597771207, -3.043542425155805, 361.3994017099171, 0.27703153760808313, 0.287579717459837, 229.10033597872322, 22.065834959623704, 225.08144715660484]"
0.0002700395851635948,13.849006020912402,5.698746600154808e-77,0.28617659148092867,False,False,"[0.5630904215559775, 0.8353417277735167, 194.13128913022155, 0.35825985069886546, 370.247355596086, 0.3819187322250368, 0.2462922422391462, 231.14232905822166, 20.86341196005114, 222.3367976115326]"
0.00026733918931195886,13.839153175034916,9.809715091215694e-62,0.9616096646619805,False,False,"[0.5551799641749092, 0.8575452341964509, 194.1832626229318, -6.6210375180187375, 365.27824739382413, 0.25697628851540105, 0.1970401857909084, 234.7267268786099, 21.1113343421586, 218.72245724588]"
0.00026466579741883927,13.810203657260306,7.57099135415903e-15,0.8865888584568865,False,False,"[0.45841811403149574, 0.9214572671860932, 193.9563132764859, -1.9312396380535164, 369.9135005414601, 0.3920914277679106, 0.3167229097547126, 234.44724399923786, 27.063843846732713, 223.7748930792354]"
0.00026201913944465087,13.824192789235392,3.5452867371927415e-38,0.5362574018400116,False,False,"[0.6026885982764504, 0.9157652190609911, 194.57434025201408, -6.160557578821795, 366.38797949458007, 0.20787616285719074, 0.2382715454359256, 232.11241432675232, 30.295598571782534, 221.64204350782845]"
0.00025939894805020435,13.815856013479207,1.346097823731812e-24,0.8430252557254847,False,False,"[0.5091030099344541, 0.9031107878756298, 187.6429407902361, 7.361245857637392, 365.55420570079076, 0.31682546593116667, 0.27713693934752665, 233.0055283354052, 17.525029785429453, 223.75299874419983]"
0.0002568049585697023,13.854175122837427,1.2155616758597452e-89,0.698867303999403,False,False,"[0.6096938880401328, 0.8536742185721126, 186.83808922524392, -4.0551828633996045, 365.77099571531477, 0.29988231363736767, 0.3065837835204005, 228.02873792146394, 26.653997293722078, 222.93965224222651]"
0.0002542369089840053,13.837010143524868,3.223541742717824e-61,0.4223584375206759,False,False,"[0.45999146200508817, 0.8676045063580157, 190.01598313807682, -3.92644362234297, 362.82576284208756, 0.29245494060653865, 0.23962029363363063, 228.0523450413489, 12.849863986443237, 226.26605726011647]"
0.00025169453989416524,13.828329611628842,7.506038536469697e-47,0.13845796429097934,False,False,"[0.4468654551706846, 0.8877867842564239, 193.4536749023349, 9.904827710245673, 365.86258034414, 0.35500510174690614, 0.2888663886417457, 228.57229673260522, 14.567164447734669, 226.6807528913652]"
0.0002491775944952236,13.843577943158532,6.807917278156423e-74,0.23322346382524306,False,False,"[0.47235922675316044, 0.879024216480262, 190.45241813668005, -1.1437777321455949, 366.2505600852952, 0.2922089465442198, 0.3347345723673534, 230.81211687157796, 24.541214069026587, 226.713211143706]"
0.00024668581855027136,13.809335985351034,2.385005644879925e-14,0.5623165533024485,False,False,"[0.5438690878450274, 0.9268844818909937, 194.488934878605, -2.9254309701336556, 367.9807006897875, 0.30938269993512735, 0.27105249752666066, 229.00060318967581, 12.26981771012743, 225.1824987196159]"
0.00024421896036476865,14.075832791690875,0.0,0.013142957541847688,False,False,"[0.613277188712754, 0.8405987218656298, 195.60163549990298, 2.666423327315676, 365.5738311268561, 0.36729866235411424, 0.3328059021459092, 225.30223390389804, 11.54882727114331, 227.4515708105377]"
0.00024177677076112097,13.805621368701178,5.933662787313828e-08,0.9246417383448051,False,False,"[0.4325669996446561, 0.9266483377534595, 191.89521511382276, 10.442155053184184, 366.2754202885339, 0.29819882062104375, 0.34473178537735355, 226.89963769148997, 29.49209261495829, 222.3479700906102]"
0.00023935900305350975,13.806883291123881,2.574459921392994e-10,0.5402899040877319,False,False,"[0.5210119601725706, 0.9209332986406509, 195.5513699859577, 9.899239970972456, 368.9017982319231, 0.22186874224514908, 0.2058415443989809, 234.08121850386658, 28.70584931992576, 218.966922851564]"
0.00023696541302297466,13.840059390673447,3.242432762535992e-71,0.21461935321487258,False,False,"[0.5142547771527014, 0.842628783668695, 193.50387265020743, 0.5471268121863089, 364.5687991342943, 0.3459845756011416, 0.32928517888637177, 231.59941256101192, 29.59658747870187, 218.1641858979878]"
0.0002345957588927449,13.803732850746059,0.00011174411478317834,0.6154661092355078,False,False,"[0.4819243445632374, 0.9195574668336944, 190.6778359139325, 6.715848445513632, 364.3436550588514, 0.35552916551838926, 0.33473718144765596, 227.69813800367533, 27.78193379031345, 222.24533488546047]"
0.00023224980130381745,13.826551530714628,2.1808144951676966e-47,0.028137199008380853,False,False,"[0.4851699388679406, 0.9082110225539254, 196.42641061370037, -4.499450171833073, 368.6545608519416, 0.21903463700112405, 0.34118146417625594, 231.2017920751605, 18.642279414243916, 225.24480322598959]"
0.0002299273032907793,13.850020868970848,3.448341333207961e-92,0.496707843302986,False,False,"[0.5580152256068233, 0.833636374544485, 194.56294187314842, 5.129776641590488, 366.7139059335918, 0.2914959292770685, 0.28329123275515666, 232.1305447618548, 20.723398431648363, 225.72236750004376]"
0.0002276280302578715,13.81668960234138,1.610294063114973e-29,0.18235716094544274,False,False,"[0.5743055489012558, 0.9122582442306896, 188.77207949739795, -2.7687589944020514, 364.47387798463114, 0.3138230212528228, 0.2969918280094672, 226.90788151930872, 11.456570807194053, 220.28132541390627]"
0.0002253517499552928,13.844871105301593,4.028096454448315e-84,0.09451806102622573,False,False,"[0.6017812349708577, 0.8994228954543592, 189.69660425577723, 5.620230918766773, 361.88024806786643, 0.34865250990265384, 0.17926324426021334, 233.26612109071272, 15.340687319075386, 219.52182803989638]"
0.00022309823245573985,13.824880170207702,4.7655003345831946e-46,0.24461148690733392,False,False,"[0.5508823605962498, 0.8982621354146949, 193.32846495861313, 4.654525663402576, 362.86384962732353, 0.2979878734596211, 0.3194205884499284, 232.92494863422687, 13.272884816996136, 227.53502913791206]"
0.00022086725013118245,13.812444945404028,4.697586291713959e-22,0.907988183679463,False,False,"[0.4620307259727594, 0.9132988545167081, 189.51368611122916, -7.406971213053615, 365.37671966986824, 0.3159632226621151, 0.17978330046175817, 230.00243532032692, 29.251100560948423, 224.14269281701337]"
0.00021865857762987063,13.852051654419629,6.173520482093904e-101,0.3934663228835398,False,False,"[0.5426749233284415, 0.8484608457167953, 195.80287205321216, 9.826543750250597, 364.10047094632233, 0.3185228561084167, 0.27411542210839723, 233.45912190692283, 14.590147132982892, 227.37613446530383]"
0.0002164719918535719,13.822547874411626,9.331265282360981e-43,0.9437878688352557,False,False,"[0.4377135113592946, 0.8975872217994207, 191.2264652238845, 10.626326241405152, 364.5056881973938, 0.3657283399126954, 0.18947876133742336, 233.25992442101355, 16.655455023676282, 221.38943324320746]"
0.00021430727193503618,13.806614168331054,6.840832958763228e-11,0.9636517803367585,False,False,"[0.5634813939640019, 0.9273278949856606, 187.4759530307198, -3.6093554913397545, 360.7163706738619, 0.3051464800954525, 0.3426881753387368, 231.9577792999315, 23.4053737565429, 218.88549808985135]"
0.00021216419921568581,13.862182054621067,9.692719723780744e-125,0.6646198826738376,False,False,"[0.5639320605745133, 0.8723267116883211, 194.8224794147364, 4.367378905734934, 366.1991214760839, 0.3870080292467911, 0.3110076990081855, 234.11353699061124, 19.71287522743769, 225.1330077365021]"
0.00021004255722352895,13.847483739819014,1.3327640900728639e-95,0.8618484099016513,False,False,"[0.599832117526106, 0.8530212333904164, 195.53354426178032, -6.938678506931901, 360.6690306903942, 0.38527552412307237, 0.17359964733989805, 226.8263837451903, 15.120946215264787, 220.60376309970826]"
0.00020794213165129365,13.829354284498063,1.0725679840555484e-58,0.7062419277663989,False,False,"[0.5395757582918718, 0.8903003933843235, 188.31658447137426, 0.6794751037919999, 367.79101689436754, 0.25540239591178066, 0.32884404050466154, 233.62190175985347, 14.975727491760187, 218.6643397070765]"
0.0002058627103347807,14.034326638448007,0.0,0.3592409539332565,False,False,"[0.5439430383560108, 0.9002763051205507, 195.68290853472385, -4.784482728678252, 367.1721630371988, 0.31443008954659374, 0.17847771694362374, 225.42683849773206, 28.050609833856072, 227.60156825894467]"
0.0002038040832314329,13.829600040130991,2.1365687946887695e-60,0.10390031232805819,False,False,"[0.5817568226511443, 0.8964303970672166, 188.4893209278948, 7.9957010941967495, 365.01665974547416, 0.30261650819657504, 0.27178603556511033, 230.40972430606456, 28.15251443571139, 224.28510467443866]"
0.00020176604239911856,13.83128464215422,1.261649462557268e-64,0.9396774034054929,False,False,"[0.6204935478579618, 0.9237626690392523, 192.8563547035986, -7.192261182039812, 361.06734006773377, 0.22898397256700015, 0.23466968161713705, 231.66284319475037, 13.355333516714738, 224.15279765176524]"
0.0001997483819751274,13.829574894416604,1.4888139870102267e-61,0.09883799071675892,False,False,"[0.5300929310270733, 0.8735108411007493, 191.90840764837031, -2.71732946360971, 360.80483237079653, 0.38825501393110756, 0.315246400770938, 232.66303269308804, 23.505601180702097, 220.4141780373977]"
0.00019775089815537612,13.814723206635794,1.497089354328043e-29,0.44364224127519014,False,False,"[0.5024479268013318, 0.9044241653771824, 189.59784551036083, -3.8719748126676556, 362.0469139422483, 0.27610012140984946, 0.19465076855424107, 234.81346746814333, 12.039839528820993, 223.86425944373798]"
0.00019577338917382234,13.856434710694016,2.2555328013850982e-122,0.20825706351695916,False,False,"[0.6108071388332769, 0.8471955069271409, 192.23679512070296, -6.354372117927816, 368.83438013651244, 0.2389550087902457, 0.2988379882167119, 231.01826574320125, 26.21886469392282, 224.8861271187276]"
0.00019381565528208411,13.829260820405187,1.0343713891599256e-62,0.6481493285618367,False,False,"[0.6012240797335417, 0.9082383414942429, 188.8692870947472, 7.275766059601501, 369.2859998237878, 0.23436355707880835, 0.20807290826017055, 228.9107962368047, 27.45213718910348, 218.29454443131502]"
0.00019187749872926328,13.836790838099901,2.2139164451423216e-80,0.9191672279390284,False,False,"[0.4984637012569583, 0.8536691202031959, 193.82201986203802, 10.892787702105714, 369.80651409824463, 0.3184005970489727, 0.3169499300009937, 225.98892214764086, 16.10710048480474, 224.5454079274249]"
0.00018995872374197065,14.04513052356187,0.0,0.49094069286171926,False,False,"[0.49597880685583234, 0.8748978159837728, 188.0839639135265, -3.907919909777915, 367.2098746993609, 0.39011855856250643, 0.22580974909450474, 225.4365711081477, 28.643696443709185, 225.7738430103876]"
0.00018805913650455093,13.831140702622736,5.970203964290011e-69,0.854806462671727,False,False,"[0.4345005485103925, 0.8767757334350871, 188.5092574997256, -3.072238351042043, 362.8988890693636, 0.2351031228875728, 0.2776039267557572, 226.17441092574742, 26.49781630792264, 221.54145236543897]"
0.00018617854513950543,13.833584124037866,2.438618520209749e-75,0.312549984831644,False,False,"[0.565688728031554, 0.8779246625488698, 187.863093550163, 0.6747249155910415, 363.88235402804685, 0.33844396857641124, 0.2504929520788542, 229.13642797652867, 22.04922551982591, 224.45516034302818]"
0.00018431675968811037,13.84829334508729,9.441192147711637e-111,0.3111536741795564,False,False,"[0.4462198350562616, 0.8404803702925031, 187.07102460747544, 6.128562738462866, 366.37886095466325, 0.3661482383776321, 0.29885710173052765, 234.613187351554, 22.746711621854793, 220.89720402249506]"
0.00018247359209122926,13.807869403468917,1.1865033385062874e-15,0.5853301451902996,False,False,"[0.49463877061032174, 0.907894098794363, 187.1688420723273, -6.241440066010737, 369.02406018503433, 0.25385318369823434, 0.3179228123897315, 225.2992246276431, 28.335721178269537, 219.82396638717657]"
0.00018064885617031696,13.857057383186564,4.694796570608667e-134,0.8724679573376486,False,False,"[0.6035635240339137, 0.8313494485397903, 191.0559998276722, -0.10344419711425257, 365.8980040661314, 0.2859108434105184, 0.2588680644300193, 226.225859111307, 28.114879877604597, 219.41885646829422]"
0.0001788423676086138,14.071437608692651,0.0,0.838034003030114,False,False,"[0.5889134021647855, 0.8341420501835717, 190.14659669404568, -6.090382429401326, 366.2460691384027, 0.3767692065448478, 0.2499187957479772, 227.21959355118264, 11.723560648753, 227.29037673524675]"
0.00017705394393252764,13.862846564240156,5.81119587666855e-151,0.9877625862551704,False,False,"[0.6167150433056041, 0.8327362064888139, 189.2423383066937, -0.6693391419575345, 366.285698333735, 0.3821236645098859, 0.24477881847554106, 228.3644681688783, 28.252077762617105, 224.30253758994752]"
0.00017528340449320237,13.84224075613579,2.0004660249296103e-101,0.6470392574822044,False,False,"[0.4874177790240895, 0.838659649464874, 188.7168712974156, -8.069065751229289, 362.6848633451907, 0.3606530676282374, 0.3091153523498116, 232.18192263126616, 27.881368767119373, 218.628387019754]"
0.00017353057044827035,13.833985949528754,8.775112742412499e-82,0.08188925535856484,False,False,"[0.4234632773807876, 0.8759992721701616, 190.52999714619077, -1.2721814021818245, 360.7252782021184, 0.2433144515346445, 0.24060011873986517, 226.71301193713757, 16.225715304718534, 220.5675860298543]"
0.00017179526474378766,13.881966144670201,6.78682753765505e-204,0.7139212143822398,False,False,"[0.4953208297734938, 0.8353641933882445, 188.62369062431813, 7.748160188821276, 365.56347573925535, 0.39455437721744735, 0.17961624109605734, 234.47411075497928, 15.226135733109288, 224.69350697832544]"
0.00017007731209634977,13.829473295233921,6.615915514384321e-72,0.5860221256447723,False,False,"[0.5464540037310732, 0.8702167048525864, 195.43300232010367, 4.088508442016427, 360.68695624800773, 0.30349796953847774, 0.20483190401658327, 226.06368719255528, 28.045331341739516, 218.91051940817368]"
0.00016837653897538627,13.818045535398216,3.77821211506495e-43,0.8845594568630871,False,False,"[0.5785330239287791, 0.9204000576066838, 187.8628561197763, 3.748830532975332, 365.7902220769415, 0.35983980784299097, 0.29649939724921254, 233.01725127850457, 21.378657025697148, 225.31970223907643]"
0.0001666927735856324,13.84260809660774,1.4272152265513343e-107,0.8772627725445283,False,False,"[0.4461340450234968, 0.850537425640981, 186.67039246133865, -0.23756224944317683, 369.9485003228084, 0.28176681268276205, 0.18638410827916763, 231.74169534481067, 21.73365848037313, 220.64953643180212]"
0.00016502584584977606,13.836973589653251,8.006376674473854e-94,0.5658039092343077,False,False,"[0.613028219430093, 0.9025817327648524, 196.02103908472077, -4.835739514498816, 364.38253250954597, 0.3945493906280819, 0.3229486409890285, 233.47634156020578, 23.558958047365852, 222.1476612745589]"
0.0001633755873912783,13.85484740494148,2.8174229494972165e-142,0.9407831885133682,False,False,"[0.5868579198612253, 0.8348698943362189, 186.9166309846044, 5.0512186556300405, 365.9812728562299, 0.39201357238275547, 0.2743302157456528, 232.20619158616591, 20.49292702673842, 218.4081590101085]"
0.0001617418315173655,13.844537884011666,5.03781484531607e-116,0.2861447908827832,False,False,"[0.6153053636875857, 0.888897686847997, 189.34668384153613, 1.2327285637346703, 360.52701919553147, 0.33595215523651856, 0.24065716713716612, 232.35185356913897, 26.369748284215035, 218.5143241795306]"
0.00016012441320219185,13.803025105642293,0.000134860478900512,0.44064446498512166,False,False,"[0.4751987606381023, 0.9210415023931564, 193.37179095171854, 8.050660760233441, 365.3800671771984, 0.30642446761746234, 0.21794083830265576, 229.24158120981718, 13.45179731405545, 217.70135264200295]"
0.00015852316907016993,13.8513183754302,6.09828705078285e-137,0.2287837658664872,False,False,"[0.5781189077424463, 0.8395554866236705, 191.34924465592778, -2.386718339106544, 367.57725132787607, 0.3652155167034642, 0.34393981842716326, 234.34087999411054, 13.122385795677998, 219.19133246484017]"
0.00015693793737946824,13.853217457845737,1.42550438263697e-143,0.6748571539301248,False,False,"[0.5944996419301634, 0.8520581074451034, 196.143557889718, 7.245737654228313, 365.28722617578836, 0.3999111470621475, 0.3283239622648746, 234.28005037671554, 19.24258787098676, 226.9343805175355]"
0.00015536855800567356,13.834886603264557,8.921995212354326e-94,0.6409323368765751,False,False,"[0.5764830468555409, 0.8799313860120733, 191.6161877598516, 2.053578709687174, 367.0359481579573, 0.30027602683886434, 0.2807236579491712, 230.61475661953142, 24.975969208915554, 224.32019229087496]"
0.00015381487242561683,13.847655993242222,9.04368350765206e-131,0.24284288410000887,False,False,"[0.46348046566145606, 0.8325670433518526, 189.1493730218831, 9.468417062095632, 364.3759029577374, 0.20923526129536077, 0.21226745488043547, 231.9215821346123, 21.47785231087525, 224.20499886979974]"
0.00015227672370136066,13.826991864850946,3.7760613631697704e-73,0.988621162178427,False,False,"[0.4735717544880854, 0.8706513999223078, 193.0990461422263, 2.8021202992435805, 365.9701053594816, 0.2099507376424749, 0.2502661586393002, 226.98336339082923, 30.21412915532881, 221.39640741193557]"
0.00015075395646434704,13.808652462422284,4.763725145268073e-21,0.760584624357603,False,False,"[0.5696587760339024, 0.9264915361014303, 192.29977323282333, -7.11703589447101, 369.97911258902894, 0.339203657036828, 0.34735289567063254, 226.4389529032712, 12.803534976810276, 220.83445478767067]"
0.00014924641689970358,13.833715251777932,3.483941422808817e-94,0.7857951497218513,False,False,"[0.5859802373005406, 0.8855981645561047, 195.13747341536225, 0.11554880962054437, 367.83030491703414, 0.3924919339275006, 0.29826533869034266, 226.4358057453985, 17.097897808833338, 223.82210989762783]"
0.00014775395273070654,14.040413484256197,0.0,0.5627440017650254,False,False,"[0.5686694444550112, 0.8990178160392988, 189.79320596479425, -4.124652956528274, 367.4500933188094, 0.40333295854844287, 0.21685465649755703, 226.06892383119867, 29.54430837452253, 226.08027269457844]"
0.00014627641320339948,13.846197224226907,3.850669446954735e-133,0.32862426761901076,False,False,"[0.6137110067122069, 0.88409465683012, 187.3414590904783, -2.238601444789297, 364.9712418551046, 0.3671741364083169, 0.3043482140320456, 233.3046414695144, 19.868605380961228, 218.73275787215698]"
0.0001448136490713655,13.820218736423186,1.4361672887367704e-56,0.9483260741449242,False,False,"[0.43892261682535033, 0.9049032270483852, 190.68042447586265, -3.8831151339838854, 362.01683296501375, 0.36065781983786127, 0.2096911141480609, 231.84570488132667, 21.570147993781468, 225.41443308783593]"
0.00014336551258065184,13.85010582584125,1.1395465262824117e-147,0.12060203285081927,False,False,"[0.58692367285577, 0.8408839450143242, 195.51897955817188, 10.08449864649413, 370.26225093128465, 0.26206146251240925, 0.19285279968047492, 231.42184485788283, 21.810816475459447, 218.30920890433268]"
0.00014193185745484533,13.803782729902736,2.068145986436942e-07,0.9519814412350397,False,False,"[0.5478637360578443, 0.9238618210769829, 187.9767400115029, 2.9188695759067302, 369.82872022666413, 0.22120894542635428, 0.1649335119936805, 225.79960762552315, 31.161072310035934, 222.78329397719926]"
0.00014051253888029688,14.054641127923748,0.0,0.47207842684763346,False,False,"[0.5215849970030094, 0.8560897403898313, 192.08555621199082, -0.48495733431661225, 363.71423219752035, 0.29542336987027484, 0.26684758990388385, 225.42895795994013, 11.761092127713471, 227.05728292836014]"
0.00013910741349149391,13.82759944377219,6.666302997828858e-82,0.5048827994831575,False,False,"[0.5615240430960465, 0.8820383116427923, 192.86449370782125, 0.9590675366528041, 361.48016416236266, 0.40778734562749597, 0.3030264835807858, 226.86044789565628, 12.330626084813407, 218.12786659565822]"
0.00013771633935657896,13.827342171428162,6.53497376961605e-82,0.3583991717295646,False,False,"[0.6046002097391329, 0.9236723827246509, 188.22861388472154, 4.816761020557617, 363.2946032300929, 0.3805736211849553, 0.34697722881099863, 234.2882062029668, 17.581643804766856, 224.74548343738525]"
0.00013633917596301317,13.828845095331463,1.613561913468401e-87,0.2524802447047648,False,False,"[0.481997743886068, 0.8737789014561976, 190.13253637690426, 7.717325094224555, 364.8632617907151, 0.3260803620483095, 0.18305174885336647, 227.68661138578582, 11.461091481549733, 225.61587922791898]"
0.00013497578420338305,13.830335695989834,3.4275175977556638e-93,0.882011477703829,False,False,"[0.518759068932739, 0.8767718809882176, 194.36254066623556, 10.141112621793056, 360.5790260918216, 0.26321549574710124, 0.17492301605591873, 234.65270558980248, 12.183249822012348, 226.84794643051458]"
0.00013362602636134922,13.838191692809708,1.1706258664413359e-119,0.2247252043599709,False,False,"[0.5864943191022555, 0.8787186655872457, 189.91813813041284, -7.874831764746895, 365.98943790814366, 0.27458985333758357, 0.30481561800671286, 233.45936795437353, 21.31271506172984, 219.08134311568213]"
0.0001322897660977357,13.829594921925857,1.2287250298842584e-92,0.9380922791500597,False,False,"[0.5285499397567586, 0.8673801175589644, 189.46015378186686, 9.636354712693585, 367.46141313273495, 0.3989600823771301, 0.1608016337560061, 227.60444090121624, 27.104208413551653, 219.57322913605947]"
0.00013096686843675834,13.821617647881517,4.113528021561638e-67,0.6914519171335998,False,False,"[0.5260142913416771, 0.9045837448059778, 189.03850046724037, -1.674972233542193, 365.37732531831625, 0.3795415636095031, 0.3527504933923675, 232.07500583559985, 18.2269690324376, 226.40349381806254]"
0.00012965719975239077,13.846178882510127,4.724312269106188e-150,0.7417386219409093,False,False,"[0.5445545945441868, 0.8313836164359146, 193.6086027715375, 7.5852056459087605, 360.99127571148426, 0.3902266588840678, 0.28616132842017755, 227.8781620673791, 15.20320546753171, 220.27268806311466]"
0.00012836062775486686,13.847057153788354,1.5648094664140777e-154,0.6954637809462269,False,False,"[0.5799569645844684, 0.8453798030003689, 194.64236445656303, 11.000257464235073, 361.6764223808256, 0.21729595949317748, 0.30867817533862907, 226.4624799954264, 28.64150067555287, 225.29616445914357]"
0.00012707702147731818,13.826120564413316,1.5599395744133272e-84,0.6184813181586927,False,False,"[0.5999880907871379, 0.9190251052710073, 192.37078659895695, 7.369968422298405, 366.5576077563851, 0.3658327073973491, 0.3156532086836281, 232.40144661589468, 21.84615883431321, 224.55963166904797]"
0.00012580625126254499,13.849814216482724,3.580617325553723e-167,0.38018558151167536,False,False,"[0.511820133529261, 0.8455610759879324, 190.75019231951916, -7.95619173477959, 361.202992558545, 0.26072515822679704, 0.17651700364874595, 229.62735146197753, 15.478405773804836, 225.59972539617684]"
0.00012454818874991954,13.822894130450537,5.519919492783731e-75,0.08662875143213489,False,False,"[0.486733966519197, 0.882971161880439, 192.05533607856793, 8.253249908727287, 367.3375783831354, 0.3755949409576166, 0.16625679929847587, 228.7197544610301, 25.303344312716195, 224.1845567389572]"
0.00012330270686242034,13.809684138144796,3.3100796018308484e-29,0.47664705552738085,False,False,"[0.5388958502837088, 0.9176511459915958, 193.0796891973591, -0.35994908162580774, 367.1028297353321, 0.2778008456002735, 0.32367138797105766, 230.40248084266494, 17.592467422380565, 226.60888968741426]"
0.00012206967979379614,13.835026397071951,1.176290024850374e-119,0.1424552652054487,False,False,"[0.5198608991137366, 0.8512388399423946, 196.22855885615152, 5.509621480596333, 368.7889423009117, 0.3403423317837788, 0.20127749071666184, 226.87030031510602, 15.47836691922075, 219.2202811216834]"
0.00012084898299585818,14.02886024319139,0.0,0.28848996071845534,False,False,"[0.52351536161224, 0.9076462091831994, 192.78272415567642, 10.318871121752622, 363.40373244307074, 0.3780454786419486, 0.26895508676491703, 226.0012317700622, 16.058200248876858, 227.32797087064486]"
0.0001196404931658996,13.861387953053804,9.19237858393442e-218,0.9961350660067697,False,False,"[0.5868875750555823, 0.8368629023174691, 191.9211652925209, 9.374031672749918, 363.1438838332281, 0.3756169336267349, 0.34479401390432296, 229.1352054964053, 29.68844979288329, 222.71712581828865]"
0.0001184440882342406,13.86286803599664,2.208893902852939e-225,0.2933033718867153,False,False,"[0.5425248591711936, 0.8650756871326232, 190.12633348635853, 0.2678885287292383, 368.63512284009647, 0.39074901089331643, 0.23593949150472865, 234.72513022023463, 16.955354654034714, 225.33351472328903]"
0.0001172596473518982,13.809630438550975,1.7822973548850724e-30,0.5136738314701005,False,False,"[0.4606705508707569, 0.9175372033229913, 194.1746619732955, 7.598743876882884, 367.8723887199887, 0.3666986936494361, 0.2969610408598409, 228.9939836803703, 14.954790125951689, 227.37130191591916]"
0.00011608705087837922,13.830733451453352,1.0041125998878689e-109,0.8093660134376294,False,False,"[0.5002649997437849, 0.8638452745090097, 187.00410587764014, -4.601202603595429, 369.6679764048197, 0.3944601911044022, 0.16798018770549422, 229.9255702998846, 24.92728258050218, 218.1514239790667]"
0.00011492618036959542,13.828964709332599,3.843164550565898e-104,0.9654786213956421,False,False,"[0.4996775909480009, 0.8692213416179896, 193.4347730834264, 4.306552285739641, 362.1711181227416, 0.27600913978453323, 0.22882901703074293, 228.25382318660732, 26.588500287515735, 225.68923742782363]"
0.00011377691856589947,13.824875226794948,1.4123153657174432e-89,0.23937483668438542,False,False,"[0.5572797604907171, 0.8959641704463275, 186.7586325081693, 9.003404339881772, 364.1883324810241, 0.33895818866034655, 0.1701401063061037, 233.24167706124348, 20.077851937417655, 220.67000225085835]"
0.00011263914938024047,13.839821418048885,4.222077041785236e-148,0.7517522211205288,False,False,"[0.5300731883574612, 0.8495030923027379, 191.23606581384553, 9.83266603526318, 364.5934456698419, 0.3118667492611004, 0.17990241821761027, 231.11647174970355, 26.91088039722763, 224.0202176685814]"
0.00011151275788643805,13.846170677176472,2.565944716898829e-174,0.06494958792720673,False,False,"[0.5567485446496521, 0.8398684846140705, 192.05902788309962, 10.574401274836102, 366.72267585114156, 0.35017206861164574, 0.31788209808954615, 227.210691470189, 27.200510304638755, 220.33340307441006]"
0.00011039763030757368,13.830989761055767,2.377838447976243e-116,0.9917954958589996,False,False,"[0.42671428654594956, 0.8989526770150518, 195.6070416773322, -2.782559671752776, 365.95863522247197, 0.39945807615119544, 0.1967966154448596, 228.29204897797035, 20.236434981706104, 218.237997312491]"
0.00010929365400449794,13.84534653939625,1.4437270724822578e-174,0.8339164434319154,False,False,"[0.5904042456218856, 0.8650608980715305, 192.82186944360868, 7.174775376362573, 363.980283973851, 0.3367294323781931, 0.2868366434702812, 228.25163513517708, 15.21387149247941, 225.89224473944742]"
0.00010820071746445296,13.829256819622493,9.642860282848489e-112,0.29577301482715146,False,False,"[0.5074971151374215, 0.8752573582026851, 189.86745504966902, 9.323701993702631, 360.9789405179849, 0.3618419083840487, 0.20716315888280057, 235.21398046291588, 18.134797012359456, 223.37142582585767]"
0.00010711871028980843,13.840726096688162,2.304691760911872e-159,0.7725027629305766,False,False,"[0.4663988073374195, 0.8565679777296559, 191.6253306699638, -6.727554388625808, 370.1996260724854, 0.38765435812214116, 0.34170635775364055, 233.0582482902303, 14.171181479191944, 222.864389269005]"
0.00010604752318691035,13.843095967885809,1.1348143863347369e-170,0.8387896283578755,False,False,"[0.512402670485754, 0.8453378168033793, 189.27121540138666, 2.440330185488315, 360.6081397366701, 0.35914629627767763, 0.28657650299610427, 230.90221755684402, 27.14718419424664, 224.59032474600792]"
0.00010498704795504124,13.857188951172416,1.0979791844466849e-230,0.5819823029122628,False,False,"[0.6166083461516062, 0.8545704334612417, 187.2066063486917, -3.0213589539882113, 364.96727900355046, 0.29358525400813723, 0.16639270155843833, 232.09100323386212, 16.993302235625205, 221.26789396481624]"
0.00010393717747549082,13.82538329131713,4.12643617629335e-100,0.8544806420660104,False,False,"[0.4507839183270954, 0.8852245660650098, 188.98755829225786, -2.8247047757048893, 362.9710269211865, 0.3348142823156206, 0.1766226481015028, 226.7722393192491, 27.055535824721716, 224.85849908322774]"
0.00010289780570073592,13.823784827097683,2.2815622600502622e-94,0.006332166017768537,False,False,"[0.48254534490495726, 0.8840480712114134, 189.0549431071033, -7.576410484462037, 363.4664002690508, 0.36960607632248366, 0.2333030413059611, 228.5463706925708, 21.621008533047174, 224.2654628808227]"
0.00010186882764372856,13.822335316511378,3.90852801727306e-89,0.8464567230620484,False,False,"[0.5855482028588026, 0.9127449613662862, 188.42013112725277, 1.343906570625923, 367.07881959953875, 0.3066698949842979, 0.16712385622555792, 232.03567983788432, 29.1258217589115, 224.68721090381396]"
0.00010085013936729127,13.831797949650813,8.907078172043157e-131,0.39443369529932604,False,False,"[0.4517267798960443, 0.8810448457029454, 192.02648321769115, 1.5377107363077114, 361.20425683101985, 0.3743235581508123, 0.3027056033196352, 234.94731709716385, 16.55542780539271, 227.55610239912576]"
